7
19 16 6 17
15 33 6 11 20
15 39

38 33 9
8 16 17
15 10 1 38 3
10 3 4 16 19 1
15 6
7 13 15 23
37 8 15
37 16
9 16 15 19 20 35
7 33
11 15 17 20
2 15
17 9 35 15 10 16
6
15 37 13 11 6
15 7 6 18
35 15 6 18
17 20 8 7
16 15 13
18 15
2 15
15 6
40 38 7
16 1 15 6
11 8 15 9
1
6 15 23 22 19
15 6 23 36
3 39 5
10 16


11 2 1
6 19 38 23 21 15
11 10 1 15 2 40
6 21 1
23 15 6 11 7
15 6
8 13 19

4 8
16 21 11
6 15 20
10
6
0
10 16
15 16 6 4 21
16 18 33 22
36 23 11 15 16 10
15 20
16 6 2 10 17 20 13 7 15 36
16 9 19 11
7 15 6 20
5
7 8
0
23
15 36 38 1
16 15
3 1 15
2

8 18

23 37 11 40
15 23 10
15 22 1
36 33
15 23 8 3
15 6
10 20
6 15 1 23 2
16 22 15
13 15 22 19 23 37
37 15 7 11
20 17
6 15
22 16 6

1 15
15 39
18 20 1 19 6 15 16
4 23 0 11

11 22 15 5 7
16 20 15 9
19
17
9 11 4 23
33 35 23
11 38 20 23 15 33 13 17
10
8 10 36 38
7 18 15 33
36
15 1
6 4
40 8 11 16 38 20 15
33 15
10
1 7
38 15 39 6
16 39 10 11 19 8 15 23
10
10 7 16
6 15
40 7 10 35 9
36 18

15 1 11 38 20 39

6 15 21 22
10
13 15 8 11

8 1 13 16 37
6 13
38 15 6 16
8
22

15
6 1
10 7
15 11
1
37 38 16 9 15
15
2 15 16
23 33 10
15 35 7 9 10
16
36 35 37 10
16
37
15 10
6 7 8
40 1 33 15
15
38 11 4 15 1
15 13 19 11
11 7 15 10 38
17 6
1 11 6 2
7
15 36 11 17 20 23 7
3 23 19 13 9 15 8
13 8 15 20 17 7
39 11 6 23 15
6
16 7 23 15 11
1 20 23 11 7
9 8
15 11 17
36 35 13 20 15
10 15 38 1
18 12 5
20 15 7 23
15 16
17 7 11 15 6

23 15
6 7 39 1 2
15 6 19 36
18

7
1 6 20 37
8
1 2 9
1 10 15
6 1 10
18 15 13 9 23

37
1 7 4
1 0 3
39 23 15 36 16 10 11

7 6 11 36
23 10
2 9 1 37 15 10
11 38 15 17 22
9 7
37 36 15 35 17 38
6 3 40
15 16 8 37
11 6
9 35 13
9 15 16
15 10 9
9 8
15 8 19 17 10
11 13 15 36 8
19 15 38 7 10
1 6 11 2
15 23
6 18
8 20
15 20 23

2 8 35
8 23
1
15 10 16
3
23 6 15
5 11 1
6 7
13 15 0
11 23 15
21 33 38 23 16

1 33 15 37
38 33 15
18 6 15
1
11 38 18 21 1
33 6 3 16
10 9
10 1 21 5
6 5
15 9 16 11 17 20
13 1
16 15 23 22 40 11
23
15 10 16 11 17

2
8 7 23 15
13 15 6
1 2
11
5 15 2 11 1 6
6 4 23
18 11 16 4
9 15 11 13 10 21 36
11 37
13 9 15 11 40
2 15 23 9
5 22 15
10
15 11

3
15 13 11
16 2 38
36 7
17 15 36
6 33 7



6
15 6
16 17 15
15 9
40 7 37

4
20 11 23 21 15 36 37
39 23
6

8 16 39
7 20 1 15 38
16 7
15 36 10 7 11 38
9 7 8
17 21 8 13
18 8 16

13 10 20

8 7 1
15 9 11
6
4
3 11 35 38 22 15 37 10
40 10 19 23
11 9 7 15
23 15 1 10 16
1 19 23 7 35
8

38 9 39
1 20 39 3 15 9 17 2
15 35 8
3
5 16 19 15 18
15 8 10
15 36 2
9 0 1
16 17 0 21 15
6 15 13 11
4 23 10 5 15 1
6 11 15
15 9

15
23 15 39

11
39 15 7
5
6 15
37 13
2 1
15 6 3 11 17 7 22
7 10 9
20 6
15 7
6
13 1 6 15 4
1
2 38 15

6 15 7

15
36 15 9
3 23 6 37
20 6

15 6
40 35
15 37
11 9
7 11 6
2 6 1 38
15 40
38 11 23
33
15 4
6
39 40 15 11
7
6 15 19 1
11 23
15
16 15 4



20 15
11 22 5 0
7 15 6 36 16
15
7 20 3 6 16 15
7 6 40 11 15
20 15 10
10
11 9
33 39
9 0
10 38 15
3
6 15
2 4 40 1

15 9 10 17
19 20 36 9 10
13 3 4 16 0 1
18 20 40 1
11
16 8 19 7
7 15

15 17 18 33 36 10
10
15 40 16 22 10 17
6 20 15
1 20 19 18
37 1 15

6 13
10 32
10 15 23
20 33 15 19 8 35
40 15 33 38 20 9 23
6 15 5

16 11 3 1 38 2 15 6
6 0
23 15 9 10 33
11
4

23 11
2
16 15
15 6 19
1
15
38 15 13
20 11
0
21 38 23 16 18 10
2 1
6
10 20 23
35 15
5 23 15 20
3 1 0
17 35 16 1 20
37 6
9 10 8 37 11
21 36 8 15
16 6 20
6
38
19 17 15
17 6
9 23
10 15
1 19 20
6 1 16 11 39
10 7 40 1
3
17 9 16 5 15 11 37
8 16 15 20 5
10 15 3
10 3 15 1 16
7 15 10

15 20
22 1 7 2 8 11
15
11
18 9 15 21 11
13
16 15 13 10 11 38
11 6 20 16 15 7 35 13
3 19 15 6
6 7 11 13
15 11 35 20
36 16 1 15
35
22

20 6 33
1 15 21
12 1
7 2 1 15
1 6 11
37 6
17 10

22 6 11 16 33 1 15
20 10 15 16 9
8
8 15
40 1 11
13 10 15
11 9 15 3 10
11 15 38
1
35 38 7 23 9
9 15 10
38 9 10
11 16 9
38 20 7 9 33
8
15 11
15 7 6 20
9 10 7 8 15
6

35 6 15 8 22
8 38 15
18 23 38 9
39 8 15
6 15 21
21 23 8 15
35 33 6

8
1 38 13
1 11 15
1 39 40
10 18 36
7 9
13 15 33

40 6 16
38 15 36 11
3 6
33 15 38
15
40 6 15
18 6
20 9 10

1 2
7
15 19 6 17 16
20 15 6 33
15 39

33 9 15 38
8 15 16 17
0 38 11 15 1
16 4 5 1 19
6
15 11 23 7
15 35 8
11 16 38 32 37 39
6 20
15 33 7
20 36 11 17
2 15
35 8 9 17 16
6 15
11 13 15 37 6
6 7 18 15
35 18 15
8 17 7 20
18 6
18 15
35 2 15
6
38 7
6 20 15 16
9 8 16 15 11
1 33 15
6 22 23 8
15 6 19 23
39 3
10 16


2 1
19 21 7 23 38
11 1 3 8 15 40 2
1 21 6
6 23 11 7
6
15 13 19

4 8
21 16
20
10
16 6
0

15 11 4 6 16 21
20 15 18 11 17
15 11 36 23 6
10 20 15
7 36 20 16 6 13 2 11 17 15
9 16 19 36
15 20 7
10 15 5
8 7
0
23 33 10
15 6 36 1
15 11 16
3 15 1
2
6 15
18 8

40 23 11 37
15 23
22 1 15 33
36 10
15 8 3 23
9 15 8
20
23 15 16 1 7
15 22
13 37 15 19 22 20 23 6
7 37 11 15
20 11 17
10 15
22 15 6 16
15 10
2 15
39
1 19 18 16 6 15 20
4 0 11 33
15
22 5 15 7 10
11 15 16 20 9
6 19
23 16
6 4 23
33 23 13 9 35
17 20 13 38 16 15 23
11 35
36 11 8 38
7 15 33 18
6 15 36
15 11 1
6 3
20 22 15 16 6 11 40
15 11
6 15
7 10 1
38 6 15 39
16 6 11 19 39 15 23 10
11
7 10 15 16
15 10 6
40 15 35 9 7
15 36 18

11 1 39 38 20
15 13
38 15 21 6 22 11
10
15 8 11 13 33
15
3 35 37 17
13 6 15 11
11 16 9 38
6 33
22

15
15 6 1
8 7
11

37 9 38
15
16 2
23 33 11 10
9 15 35 7 11
16
36 37 35 11
16
37
11 10
6 11 23
1 15 38 33 10

15 38 4 1
23 11 20 13
11 7 10 38 15
17 33 6
11 1
7 6
36 23 7 17
15 8 9 13 20 3
13 11 20 8 17 7 15
6 23 15 11 39
15 38 6
16 7 15 11 23
20 23 0
35 8 15
15 11 17
36 22 15
19 1 0
18 3 11
6 20 11 23 15 7
15 16
7 6 15 17

33 23
1 6 39 2 7
36 15 6
18

7
37 1 8 20
8
1 2 9
1
10 1 6 15 7
15 9 18 23

37
1 4 7
3 1
39 23 15 36 10 11

6 36 7
11 23
2 9 37 10 15 1
38 10 22 15 17
7 9
6 36 15 35 37 17
3 40
37 8 16
8
9 13 35
9 15
15 17 10 9
16 9 15
6 20 17
8 36 13 11 15
19 15 10 7
1 7 2 6
23 16
6 18
33 8
15 20 11 23

8 2
15 8 23 13
1
15 16 10
3
15 19 6
5 10 2 15
7 9
0 13
23 10 15
15 18 21 38 33

1 33 15 37
10 38 15
15 18 6

18 38 0 21
11 38 16 3
10 9
21 1 5
15 6 5
20 15 16 11 17
1 13
11 40 16 23 15 22 10
23
19 17 15 16 8

2
7 23 11
6 15 11 13
2 1
15
9 1 5 15 2
4 6 23
18 16 4
20 13 15 9 10 36 11
37
9 13 40 15
10 23 15 2 9
5 22 10
33
15 10

3
6
15 38 2 16
7 36
36 15 17
7 6



12 6
11 37 15
6 17 15 16
9 15 10
7 6 38 37

4
20 11 21 15 36 37 23
39
6 33

17 39 6 15
15 38 6 1 7 20
16 7
8 7 38 15 36 10 11
8 9 7
35 13 17 21 8 15
16 18 8
15
13 6 20

1 6 7 11
11 9 15
6
4
38 11 35 22 37 3 15
19 10 40
6 7
16 8 18 1
6 1 16 35 19 7
8

39 38 9
9 10 17 20 39 3 1 2
35
3
16 15 5 18 19
6
2
13 9 0
6 17 21 1
6 33 11 13 15
23 10 4 0
15
16 10 9
16
15
23 39 15


7 15 39
5
15
37 13 11
1 2
9 3 11 15 22 7 6 17
15 7 9 10
6 20 22
6 15 7
6 33
19 1 4 10 6
2
38 2 15

7 6 15

15
15 36 9
37 3 9 15 23 10
6 20

6
40 35
35 15 37
9
6 7 11
38 1 11 6 2
40 15
23 38
33
15 4 20
6
39 40
7
19 1 6
23 11 15
15
15 4 16
15


15 20
1 35 5 22
15 35 16 33 7

20 5 7 33 16 6
6 40 15 7
20 11 15 10
10
10 9 15
39 33
9 2
10 38 15
3
15 33 6
4 2 15 40 1

9 1 17 15 11
9 35 20
0 13 1 15 4 3 23
20 40 15 18 1

7 19 16 8
7 15

18 11 10 17 33 15 36

40 10 17 16 22
6 20 15
20 15 1 2 18
1 15 37

6
11
11 23
10 20 8 35 15
10 11 15 23 20 9 40
10 15 3
33
11 2 3 15 6 1 38
6 12 0
10 23 15 9
11 15
4

23 15
2
17 15
15 16 11 23

15
15 33 13 38
15 20 11
1
38 21 7 18 16 8 23 10
11 2 1
19 11
20 23 10
35 10 15
5 23 15 10 20
3 1
1 17 16 35 20
37
37 6
21 10 35 15
10 20 16
6
6 40
17
15 17 6
33 16 9 15 19
15 11
11 1 20 15
1 10 39
6 1 40 7
3
17 9 5 15 37
15 5 20 11 16
3 10 19
6 15 1
7
10
20 15
15 7 6 2 1 22
15
11
11 18 21 15 9
13
13 15
20 13 6 7 37 15 11
1 15 8
7 13
11 20 15 35
1 36
15
22

6
21 1 15

7 1 6 15
11 6 1
6 37 23
10 17

11 16 33 22 1 15
21 10 9 11 15
8
10
38 1
13 10
3 15 10 9
15 11 38
0
35 23 9 7 8
15 9 11
9 10 15
1 16 15 6
20 7 38 9 11
8 16 15
15
15 20 11 7
10 7 15 8 9


22 6 35 15
8 15
23 18 38 9
33 39
6 21 15
23 21 6
33 6

8
1 38 13
15 1
39 40 1
15 36 18 35 10
9 7
33 13

40 6
38 36 15
3 6 16
15 33 38 6
15
38 6 40 15
18 6
9 10 20

2 1
