3 6 37 27
27 23 6
3 27 6
37 11 3 27
27 6 3 13
3 10 9 38 27 37 7
40 19 27 18 8
11 27 1 13 3
4 6 11 1 3 27
16 6 27
13 1 35 27 11
37 6 27 13 3 11
11 1 35 27 38
9 16 6 27 17 3
6 27 15 11 3
38 23 40 11 27 18
27 16 11 2 3
3 27 15 13
27 3 15 6 16 20
10 39 27 3 7
27 38 11 7 19
3 20 35 9 27
11 7 21 27
23 27 1 9
11 39 27
27 15 40 2 6 3
3 27
3 11 27 40
7 17 8 3 27
8 27 9 38 39 10
6 1 7 27 11 3 38
3 27 11 17
18 16 23 3 27 5
13 37 4 3 27 35
10 27 36
27 3 36
37 27 6
3 27 10 2 1
27 3
36 37 27 2 3 8 1
38 3 10 9 27
10 35 36 27 3
3 6 27 18
11 27 18
3 8 27 9
27 3 6
27 3 13
3 6 27
27
27 3 11
1 6 27 3 7 15
10 27
7 22 37 27 16 3 18
27 3 17
36 7 20 27 6 16 3 35
27 11
2 16 4 6 1 27
11 38 27 3
27 3
3 6 4 36 27
27 3 38 7 9
27 3 8
5 3 27
8 3 1 27 5
11 10 7 27 8
3 1 27
3 40 1 9 2 27
27 3
38 27
27
27 20
27
3 27 1
27 15 9 3
27 3 33
13 27 8 3
27
6 2 11 3 1 5 27
3 27
27 21
3 6 27 33
27 1
6 3 27 7
27 16 20 3 6
23 27
3 10 27 1 33
10 27
6 3 27 1 36
3 8 27 2
37 27 20 36
27 3 37 20 40 4
8 9 22 27
27 1 8
3 27 11 18 6 23 15
27 3 11 37
3 6 20 16 27 38 11 7 15 40
13 23 11 27
27
8 27 35
6 27
27 7 3 36
37 3 13 27 10 1
27 3
27 33 6 4
27 10
27 37 13 4 3
1 3 11 6 27
0 27 5
27 13 40 6
27 6 3
7 10 27
13 7 27 23
7 38 27 9
27 37
39 6 27
33 0 3 27
3 27 8 5
1 18 27 8
23 11 27
10 13 27
36 10 35 27
11 5 23 10 20 27 19 1 40 3 22
6 22 3 27
3 27
1 27
27 21
6 27 3 11
27 1
3 27 1
37 7 27
27 8
35 3 27 6 15
11 37 7 27
27
27 2 3
11 10 39 27 22
27 7 0 6
17 27
11 27 23 10
10 15 27
6 3 27
8 21 11 15 27
5 23 3 27
27 3
27 15 7 3 9 11
7 3 27 1 8
3 27
27 7 10 23
35 3 27
8 27 3 1 6
3 27
17 20 3 27 22
16 3 6 27 13
27 38 18 13 7 8
15 17 27 18 5 11 7
7 27 6 3
3 27 6
7 13 27 1
27 11 8 33 37
6 27 3
13 27 19 37
10 1 27 3 21 7 5
20 27 4 1
27 3
27 3 13
27 6 3
17 3 27 40 8
11 27 6 3 23
1 11 4 38 27 15 3 2 40
27 20
27 33
3 27 7 17
27 7
37 27 1 11 18 3
27 8
1 3 27 7 2
1 3 27
27 3 1
9 35 33 13 27
3 11 27
27
27 11 1 3
3 5 10 1 18 23 27 16
38 36 10 27 11
27
37 27 6 36
32 6 27
2 3 10 40 27 1
27 3 38
16 27 9 8
20 27 3 8
15 3 27
6 27 11 38 13
3 27
27 3 10 13
7 6 38 3 11 27
27 13 7 33
7 6 23 27 22 3 35
1 27 16
6 27 35 38 13 37
3 27 20
15 1 10 27 2 40 5 3
11 6 15 1 27
27 36 3 37
27 8 33
15 7 13 1 16 27 19
27 3 7
27 3 1
20 13 27 16 10
10 23 27 1 40 38 3
3 35 27
3 27
27 35 3 36
4 5 27 11 2 3
7 27 3
27 3 33 0
27 6 13 15
38 10 21 3 27 11
27 13
22 6 1 3 27 38
37 10 27 36 23
3 27 11
3 6 21 7 27 35 20
9 33 27 1 3
3 27 17
3 27
13 4 11 27 1 3
3 4 27 6
10 27 3 38
1 7 13 27 3
27
10 3 20 27
27 6 19 11 18 3
15 27 8 3 21 11
11 1 27 2 17
7 27 10
6 5 27 9 3
3 1 27 2
11 3 10 27
6 3 27 2 4 1
27 5 3
27 6 3 40
13 38 9 27 20 10
3 27 37
27 3 21 10 9
7 2 11 6 3 27
4 27 3
27 11 37 3 6
13 38 11 27
27
10 3 40 27
27 3
20 5 2 11 27 1 38
38 3 35 27 5
8 27 18
35 3 27
3 27 10
27 39 6 3
3 27
3 6 27 7
38 3 27
27 10 9 15 5 39
27 9
6 3 37 27
27
3 27 5 10 21 36
38 16 27 3 11 9 7
27 36
6 3 27
3 27
6 3 27
1 27 3
7 27
33 10 27 11 7 15
7 27 3 2 23
27 8 13
8 27 39 11 9
27 35 15 9
27 3
27 3
1 6 3 27
27 9 39
11 27 3 7
20 5 27 6 7 3
11 5 10 27 3 6
1 36 27
7 10 3 27
38 27 7 13 6 3 16 1
27 37 23 1 3 11
3 6 27 7
27 6 11 7 3
3 27
16 27 1 6 3 2
16 8 27 13 23
3 27 23 5 1
27 6 7 3 23 4
11 3 27 6
39 27 9 3 1 11
27 38 3 1 2
1 6 27 4
15 11 17 4 27 6
33 38 27 4 20 0 3 11
9 15 3 11 27
11 20 3 27
27 12 3
36 23 3 27 38
27
27 3
27 1
39 15 27 7
38 4 16 18 11 27
39 3 10 27
11 27 9 37
3 15 2 1 27
7 36 3 27 6 11 16 10
27 9 7
20 3 27 38
3 27 7
10 27
8 3 4 36 27
2 3 27
3 2 27
3 38 19 27 39 36 11
20 27 3
27
27 3
27 8 7
33 36 3 27 9
1 27
1 27 38 15
27 3 11
6 27
37 27
3 27 7 6
6 27 3 21
1 15 2 3 27 11
27 11
27 8
27 6
7 27 3 6
27 10
27 3
27 8 35 3
13 1 6 27 11 3 38
27 38 3
27 3 6
27 6 3 9
27 16 8
3 20 27 40 18 11 38
27
27 3 10
27 6 15 1 3 16
39 27 3 23
27
10 27 4 9 1 13 11
27 3
17 13 3 27 10 39
27 10
3 27 6
39 27 3 6
1 27 3
27 3
3 27
3 27 35
3 27 2 1 8 7
3 27
3 27 8
17 27 16 40
13 27 1 3 6
17 3 20 27 6
27
3 6 27
33 1 27 35
27
37 3 27 22
37 3 40 27
8 40 27 19 17 22
7 27 3
1 15 18 27 3 16 10 37
15 35 1 3 37 11 7 27
1 27
3 7 10 27
27 11
8 27
35 27 11 8 20 15
27 9
10 3 37 38 27 4
38 6 3 27
2 27 1 3
37 3 27
16 27 9 15 10
27 11 15
27 3
27 3 11
11 27 3 8
3 2 27
6 27
27 36
27 7 3 8
27
5 38 11 27 9 3
8 38 7 27 3
39 9 1 27 10 3
27 8 20 23 16 35 11 33
1 2 3 27
15 27 17 36 10 3
37 33 27
17 10 3 27 38 11 8
15 27 3 4
1 36 27 3
38 0 27 1 3
3 37 27 6
27 8 4 6 9 3
20 27
10 27 3
27
20 10 27
11 16 3 27
16 27 6 23
38 10 27 9
27 3
27 1 3 37 2
39 1 3 27 5 7
1 38 27 3
27 1 35 9
6 27 18 1 4 7
27 6 3 4 23
3 11 27
27 7 1 3
27 7
11 27
20 27
5 6 1 2 27 7 3
27 6
27 10
7 6 27 36
3 27
27 17 6 3
13 27 11 1 16
6 11 3 27 13
15 27 1 11 39 38 17
33 27 11 38
1 3 27 10 0
8 13 7 27
27 10 15 11
6 27 3 23
7 27 8 3 35
5 1 27 35 3 10
3 27 9 38
27 7 37 6 4
27 4 11 18 3 1
3 27
6 3 27
27 39 6
1 4 27 11 3 7
37 6 27 17 1 39
15 27
6 11 27
27 3
27 3 6 36 23
3 15 27
27 15 11
3 27
8 9 27 37 23 7
27 1 11 7
7 35 6 37 27 11
33 3 13 37 15 27
7 1 27
27 8
27 11 3
3 27
8 7 11 9 27
3 27
27
27 1 7
27 8
15 17 27 3 6 11
38 27
3 27 11
6 27 7 3
35 10 33 9 27 3
27 33 3
27
7 11 27 1 3 6
1 15 3 27 7 6
10 18 3 9 27
10 9 23 27 3
7 9 27
27 36 11
27 11 3 18 20 10
3 38 6 27
3 27 6
3 1 27
27 35 8 3
27 19 33 11
16 11 27
3 10 27 36
9 27 37 33
6 27 3 16
15 2 38 3 1 27
3 6 8 27 37 1
38 27
8 3 27
3 37 27 11
6 27 13 33 1
7 40 9 3 27 10
27 40 18 20 19 11
27 13 1 3
3 6 11 27 1
16 27 6
13 11 27 1 35
27 6 3 13 37
3 35 38 27
9 27 3 16 6 10 17
6 27 15 3
23 38 11 27 18
2 16 11 3 27
11 3 13 15 27
27 16 15 3 6
7 27 3 10 39
7 19 11 38 27
20 27 9 3
21 7 8 27
11 9 1 27 23
11 39 27
6 27 3 2 40
27 3
3 40 27 10
27 6 17 11 3
39 38 27 10 9
6 11 3 27 7 38 1
27 3
3 18 27 10
4 3 27 35 37
36 10 27
36 3 27
27 37
6 2 3 1 27
3 27
1 36 10 37 27 2 3
6 39 27 1
36 6 33 3 27 35
27 6 18 3
10 27 18
11 27 3 9
3 27
13 3 27
3 27 8
27
11 3 27
1 15 10 27 11 3 38 7
27 11
16 37 27 3 7 8 22
27 3 17
27 7 20 11 35 3 16
27 11
2 27 6 16 3
13 6 3 27
27 3
3 11 27 4 36
27 6 3
3 27 11
5 27 3
5 27 3 6 1
27 11 7 6
27 3 1
1 2 9 40 3 27
27 0
11 38 27
27
20 27
11 27
27 1 3
9 3 27 15
3 33 27
3 11 27 13
27 8
6 5 11 3 1 27
27 3
21 27
6 3 33 27
1 27
3 6 7 27
15 27 20 1 6
27 23
2 27 3 8
9 27
3 6 36 1 27
6 3 8 2 27
36 27 20 37
37 3 6 20 40 4 27
27 22 10 9
27 3 8
6 16 27 23 3 11 18
3 27 6 37
15 40 16 27 11 35 3 38 20 6
27 11 23
27
27 8 35
6 27
27 3 7 36 8
1 13 10 27 37 3
3 27
27 11 4
11 27
3 4 37 11 13 27
6 27 1 3
27 5 0
40 6 27 13
3 27
27 7
23 7 27 11 13
27 7 9 38
16 37 27
6 27 39
27 13 3 6 9 1
3 5 9 27
18 3 6 27
27 23 10
10 27
35 27 36
1 40 8 22 23 11 27 5 19 3
3 6 22 27
3 27
1 27
27 20
3 6 27 11 8
3 27
27 1 3
7 27 37
27 8
15 3 35 27 6
37 7 11 27
27
27 6 2 3
39 27 22 8
6 3 27
27 17
23 8 27
15 27 11
27 6 1
10 27 15 21
3 27 5
27 3
9 11 7 3 27
1 7 27 33 38 3 6
9 3 27
23 10 7 27
3 11 19 27 35
2 6 3 1 27
3 27
22 20 3 17 27
3 27 6 13 11 16
7 8 27 13 18
27 17 11 18 5 7
3 6 27 7
6 3 27
0 13 1 27
37 6 27 33
3 13 27 6
27 37 11 15 13
1 21 10 7 5 27 3
3 19 27 4
27 3
3 13 27 11
3 6 27
8 17 40 27 3
11 23 27 3
27 1 4 38 3 11 40 2
20 27
11 27
3 27 17 7
7 27
37 18 1 27 3 11
8 27
27 1 2 7 3
27 1 3
27 1 3
35 15 9 10 27 13
27 3
27
33 1 3 27
10 16 5 23 27 1 3
27 38 36 10
27
37 6 27 38 35
27 11
27 40 1 2 0 10
3 27 38 6
16 27
1 8 20 27
6 3 27 23
11 38 6 27 13
27 3
10 27 3
3 6 27 7
27 7 11 6 13
23 27 7 22 6 3 35
3 27 18 16
13 27 37 6 35
27 1 20
1 3 27 11 5 38 2
1 6 27 20 23 21
27 35 36 37 3
33 27
27 7 16 6 19 1
27 0
3 27 1
13 27 16 20 11
40 3 1 38 23 27
27 3
3 27
3 27 35 4 36
27 6 4 2 5 3
27 7 3
33 27 0 3
7 15 13 6 27
27 38 21 33 16 3 15
13 27
3 1 38 27 22 10
37 10 23 36 27
27 3
27 21 35 20 6 3
9 1 3 11 27 5
27 1 17
3 27
27 11 3 1 4 13 15
4 6 3 27
38 3 27 10
1 7 27 13 3
27
27 3 10 20
19 27 11 18 6 23 3
27 20 8 21 3
17 27 3 15 2 11 13
27 7 8
5 6 27 1
1 2 27 3
6 3 27
27 3 6 4 1 2
5 27 3
3 38 6 40 27
11 38 13 20 9 27 10
37 27 3
27 3 6 21
7 6 2 11 27 3
3 27 4
6 27 37 3
13 11 27 38
27
27 40 8 3
3 27
27 38 20 5 11 2 1
38 11 35 27 5 6 3
18 27 13 8
27 35 11 3
3 27
3 6 38 27
3 27
7 27 3 8
3 38 27
27 5 15 9 39
27 9
9 6 37 27 3
27
3 5 6 21 27 36
9 7 11 27 16 3 38
27 36
6 3 27
27 1
11 3 27 6
3 1 27
27 7
7 27 11 10
27 23 7 2 3
8 13 27
10 39 8 27
15 11 35 27 9
27 3
27 3
27 0 1
39 10 27 9
3 7 27 11
27 6 5 20 3
27 10 6 3 5 11
36 1 10 27
27 6 7 3
7 6 27 1 38 3 16
3 1 11 27 35 23
27 7 3 6
7 11 3 27 9
3 27
1 2 6 27 16 3
27 13 8 23 16
23 1 3 5 27
6 7 27 23 3 4 20 19
3 27
3 8 39 11 27 1
27 1 2 3 38
6 4 1 27
15 4 27 17 11 6
4 20 0 27 3 38
27 9 3 33 15
20 27 3
3 27
11 3 38 27 23
27
3 27
27
38 27 7
16 27 18 4
39 27 3
37 9 27 15 11
27 3 2 1 15 4 38 11
16 10 27 7 35 6 11 3
7 27 9
22 27 1 38
27 3 7
6 27
27 3 36 10
2 1 27
27 3 2
19 39 3 36 27
27 10 33 20 3
27
3 27
7 11 27
3 4 9 11 36 27
27 1
38 27
27 3 6
6 27
27 37
6 3 7 27
21 27 3
0 2 27 3
27
10 27
27
7 27 3
27
27 3
35 1 6 27
27 3 13 38 6 1 40 11
27 38 3
11 3 27
3 6 27
27
20 18 1 27 6 40
27
10 3 27
7 27 3 6 11 1 16
27 11 38 23 3
27
4 10 13 9 11 3 27
27 3
27 11 17 3 39 13 6
27 10
9 3 27 8
3 39 27 6
2 3 27
3 27
3 27
1 13 16 27
27 3 2 1 15 11 7
3 27
27 3 6
17 27 40 16
13 1 6 27 3
27 1 17 8 20
27
27 3 9 8
1 10 27
27
3 22 37 27
27 40 11 3 37
27 22 17 8 15 40
3 7 27
18 27 16 15 37 3 2 1
11 3 23 27 1 35 37 6 20
1 27
7 11 27 3
27 10
27 8
20 8 35 36 16 27 11
11 9 27
4 10 38 27 37 1
11 3 38 27
3 2 1 11 27
27 3 37
9 8 16 27
11 27 15
27 3
11 3 27 6
27 11 3 8
2 3 27
27 6 5
11 27
10 7 27 3
27
3 27 9 38 5 11
3 8 7 27
1 27 3 9 39
23 16 35 33 27 11 20 10
0 1 3 27
11 3 27 17 15 10 36
27 37
38 16 27 11 3 6
3 27 4
27 2 3 1 11 36
3 1 11 27 0 38
3 27 37
6 27 38 4 3 9 8
20 27
10 1 27
27 15 11
27 11 20
27 3 10 16
27 16 19 11
27 38 9
3 27
37 1 3 27
27 33 3 7 1 39
3 1 38 27
1 27 6
3 27 18 6 4 7
23 3 27 4
3 27
27 1 3 7
7 27
11 27
27 20
5 1 2 6 27 3
6 15 27
27
36 6 7 33 27
27 3
27 6 3 17
16 3 11 13 27
27 11 13 3
27 38 15 17 3 11 39
11 27 40 33
1 27 3 6
7 13 27 8
15 10 27
3 6 23 27
33 7 35 27 6 3
5 35 11 27 3 1
27 3 6
37 6 4 7 27
4 27 3 18 1
10 27 3
6 27 3
39 27 6 7
27 4 8 1 7 3
17 3 39 9 37 27
27
27 6 11
27 3
27 36 3 6 23
27 3
10 27
1 27
37 23 7 9 27
11 27 1 7
27 37 35 6
15 3 37 33 27 13
1 27 7
27
3 27
27 1 15
9 27 10 7
33 3 27
27
5 3 7 27
8 27
27 17 9 3
39 38 27
3 27
3 27 7 6
10 9 3 35 27
27 3 13 33
8 27
3 27 6 1 11 7
10 27 1 3 7
18 11 3 9 27
10 23 3 27 9
9 27 7
27 36
3 27 18 20
38 6 3 27
27 3 6
3 27
27 8 3 37
27
10 16 27
27 36 3
27 37 9 11
6 27 16 3
15 2 27 3 1 38
