3 6 37
23 6
6 3
37 3 11
13 3 6
10 37 3 38 7 9
18 40 19 8
3 1 13 11
4 6 3 1 11
16 6
1 11 13 35
37 6 3 13 11
11 1 35 38
16 9 17 6 3
15 6 11 3
11 18 38 23 40
3 16 2 11
15 13 3
20 3 6 15 16
10 39 7 3
7 38 11 19
3 20 35 9
21 11 7
23 9 1
11 39
3 15 40 6 2
3
40 3 11
17 7 8 3
8 9 38 10 39
11 3 38 7 6 1
3 11 17
5 16 18 3 23
37 3 4 35 13
10 36
3 36
6 37
10 3 1 2
3
37 3 8 1 36 2
3 10 38 9
36 3 10 35
6 18 3
18 11
3 9 8
3 6
13 3
3 6

11 3
7 15 1 6 3
10
16 3 22 18 7 37
3 17
35 36 16 6 3 7 20
11
4 16 2 1 6
11 38 3
3
36 4 6 3
7 38 9 3
8 3
3 5
1 3 8 5
10 11 7 8
3 1
1 40 3 9 2
3
38

20

3 1
9 15 3
3 33
8 13 3

5 11 1 2 6 3
3
21
33 6 3
1
3 6 7
6 16 3 20
23
1 3 33 10
10
3 36 6 1
8 2 3
36 20 37
3 4 37 40 20
22 8 9
1 8
18 6 23 3 15 11
11 37 3
38 3 40 6 20 11 7 16 15
11 13 23

35 8
6
7 3 36
1 10 3 13 37
3
33 6 4
10
37 13 3 4
3 11 6 1
0 5
13 6 40
3 6
10 7
13 7 23
7 9 38
37
39 6
3 33 0
8 5 3
18 1 8
23 11
13 10
35 10 36
10 5 23 11 20 22 19 40 1 3
3 22 6
3
1
21
6 11 3
1
3 1
7 37
8
15 6 35 3
7 37 11

3 2
22 39 10 11
6 7 0
17
23 11 10
15 10
6 3
15 11 21 8
3 5 23
3
7 15 9 11 3
7 3 1 8
3
10 7 23
35 3
1 3 6 8
3
17 3 20 22
13 16 6 3
38 13 18 8 7
18 17 5 7 15 11
3 7 6
3 6
13 1 7
33 11 8 37
3 6
13 19 37
10 21 7 1 3 5
20 1 4
3
13 3
6 3
40 3 8 17
23 6 11 3
38 2 3 4 40 11 1 15
20
33
17 3 7
7
11 1 3 18 37
8
1 3 2 7
1 3
3 1
9 33 13 35
3 11

3 11 1
5 18 23 1 16 10 3
10 38 11 36

36 6 37
6 32
10 1 3 2 40
3 38
9 8 16
3 8 20
15 3
11 13 38 6
3
3 10 13
38 6 7 11 3
7 13 33
3 23 7 22 35 6
1 16
13 6 37 35 38
3 20
15 1 10 2 40 3 5
6 11 15 1
3 37 36
33 8
1 19 7 16 13 15
3 7
1 3
10 16 20 13
40 1 23 10 3 38
3 35
3
35 36 3
2 11 3 4 5
3 7
0 3 33
13 6 15
11 21 38 10 3
13
3 1 22 6 38
23 37 36 10
11 3
35 3 20 21 7 6
9 33 3 1
17 3
3
4 3 1 11 13
4 3 6
3 38 10
13 7 3 1

10 3 20
3 6 18 11 19
8 15 21 11 3
1 2 17 11
10 7
5 6 9 3
2 3 1
11 10 3
3 4 6 2 1
3 5
3 6 40
20 38 9 10 13
37 3
3 21 10 9
3 6 7 11 2
3 4
11 6 3 37
13 38 11

3 40 10
3
2 11 38 20 1 5
38 3 35 5
18 8
3 35
10 3
3 39 6
3
7 6 3
3 38
39 15 10 9 5
9
6 37 3

3 21 10 5 36
38 3 9 7 16 11
36
6 3
3
6 3
3 1
7
33 10 11 7 15
23 3 2 7
13 8
11 8 39 9
9 35 15
3
3
3 1 6
9 39
7 11 3
5 20 7 3 6
3 6 10 5 11
1 36
10 3 7
38 3 7 13 6 16 1
37 1 23 3 11
3 6 7
11 3 7 6
3
6 3 16 2 1
8 23 16 13
3 1 5 23
6 3 23 7 4
6 3 11
11 39 3 9 1
3 1 2 38
4 1 6
4 6 15 11 17
3 4 38 11 0 20 33
15 9 11 3
11 3 20
3 12
38 23 36 3

3
1
7 39 15
38 4 11 16 18
3 39 10
11 9 37
15 2 3 1
16 7 6 36 11 10 3
9 7
38 3 20
3 7
10
3 4 8 36
3 2
2 3
36 19 11 3 38 39
3 20

3
7 8
9 3 36 33
1
38 15 1
11 3
6
37
3 7 6
6 3 21
3 11 1 15 2
11
8
6
6 7 3
10
3
3 8 35
13 11 6 3 1 38
3 38
3 6
9 6 3
16 8
18 11 3 40 20 38

3 10
3 15 1 6 16
23 3 39

11 10 9 13 4 1
3
13 3 10 17 39
10
3 6
39 6 3
3 1
3
3
3 35
2 7 8 3 1
3
8 3
16 40 17
3 1 6 13
3 6 20 17

3 6
1 35 33

3 22 37
40 3 37
17 22 8 19 40
3 7
1 10 16 37 15 3 18
35 7 3 1 15 37 11
1
10 3 7
11
8
8 15 20 11 35
9
10 38 4 3 37
6 3 38
2 1 3
37 3
10 9 15 16
11 15
3
11 3
3 11 8
2 3
6
36
3 7 8

38 9 11 3 5
7 8 3 38
3 10 1 39 9
11 35 16 33 8 20 23
2 3 1
15 36 10 17 3
33 37
3 10 11 8 38 17
3 4 15
1 36 3
1 3 0 38
3 6 37
3 4 8 9 6
20
10 3

20 10
11 16 3
16 6 23
10 38 9
3
2 1 37 3
5 7 3 39 1
3 38 1
1 9 35
4 6 7 18 1
4 3 6 23
3 11
3 7 1
7
11
20
2 7 5 3 6 1
6
10
36 7 6
3
6 3 17
13 1 11 16
6 3 11 13
1 11 39 38 17 15
33 11 38
10 1 0 3
8 13 7
10 11 15
3 6 23
8 3 35 7
5 1 35 10 3
3 9 38
4 6 37 7
3 18 1 4 11
3
6 3
39 6
11 3 4 7 1
6 37 39 17 1
15
6 11
3
36 3 23 6
15 3
15 11
3
37 7 8 9 23
11 1 7
6 7 37 11 35
33 37 15 3 13
7 1
8
3 11
3
7 11 8 9
3

7 1
8
15 17 6 11 3
38
3 11
7 6 3
9 35 33 3 10
33 3

7 1 3 6 11
1 7 3 15 6
3 18 9 10
23 3 9 10
9 7
11 36
10 11 3 18 20
38 6 3
6 3
1 3
8 35 3
19 33 11
11 16
36 10 3
9 37 33
3 16 6
2 15 3 1 38
37 3 8 6 1
38
8 3
3 37 11
13 33 1 6
9 3 7 10 40
40 11 20 19 18
13 1 3
3 6 11 1
16 6
11 1 35 13
37 6 3 13
3 35 38
17 3 10 6 16 9
15 3 6
38 23 11 18
3 11 16 2
3 15 13 11
16 6 15 3
7 10 3 39
7 38 11 19
3 9 20
8 21 7
23 11 9 1
11 39
40 2 3 6
3
10 3 40
3 11 6 17
9 39 38 10
3 38 6 7 1 11
3
3 10 18
37 3 4 35
10 36
36 3
37
1 3 2 6
3
36 1 10 2 37 3
6 39 1
3 33 35 6 36
3 18 6
18 10
9 11 3
3
3 13
3 8

11 3
7 15 1 10 11 3 38
11
37 7 16 8 22 3
17 3
20 3 35 7 16 11
11
3 6 16 2
6 3 13
3
11 36 4 3
6 3
3 11
5 3
5 1 3 6
11 7 6
1 3
2 40 9 3 1
0
11 38

20
11
1 3
15 9 3
3 33
3 11 13
8
1 6 11 3 5
3
21
3 6 33
1
3 7 6
15 1 6 20
23
3 2 8
9
6 3 36 1
3 6 8 2
36 37 20
40 4 37 3 20 6
9 10 22
3 8
23 3 6 16 11 18
3 6 37
11 40 15 35 38 6 16 3 20
23 11

8 35
6
36 8 7 3
3 1 10 13 37
3
4 11
11
37 13 3 11 4
6 1 3
0 5
40 13 6
3
7
7 13 23 11
38 7 9
16 37
6 39
9 3 1 13 6
9 3 5
18 6 3
10 23
10
35 36
5 23 8 22 1 19 11 40 3
22 6 3
3
1
20
11 6 3 8
3
3 1
7 37
8
3 35 15 6
37 7 11

2 6 3
8 39 22
6 3
17
23 8
11 15
6 1
21 10 15
5 3
3
3 11 9 7
6 33 38 3 1 7
3 9
23 10 7
35 3 11 19
6 1 2 3
3
20 17 22 3
3 11 6 13 16
18 8 13 7
18 11 5 7 17
7 6 3
3 6
0 13 1
37 33 6
3 6 13
37 13 15 11
21 10 3 7 5 1
4 19 3
3
11 13 3
3 6
40 3 17 8
23 11 3
3 38 2 11 40 4 1
20
11
3 7 17
7
18 11 1 3 37
8
3 2 7 1
1 3
3 1
9 15 35 13 10
3

1 33 3
1 10 16 3 5 23
10 38 36

35 6 37 38
11
0 1 10 2 40
6 38 3
16
1 8 20
3 6 23
13 6 38 11
3
3 10
7 3 6
11 6 13 7
6 23 35 3 7 22
18 16 3
13 35 6 37
1 20
11 38 2 3 5 1
23 1 20 6 21
35 3 36 37
33
7 1 16 6 19
0
3 1
11 13 20 16
40 38 23 1 3
3
3
36 3 4 35
3 5 4 2 6
7 3
0 3 33
6 15 7 13
15 33 3 16 21 38
13
22 3 1 10 38
23 36 10 37
3
21 3 35 6 20
5 9 1 11 3
17 1
3
3 4 15 1 11 13
3 4 6
38 3 10
13 3 1 7

3 20 10
19 11 18 3 23 6
21 20 8 3
15 13 11 2 3 17
8 7
5 6 1
3 2 1
6 3
6 1 4 2 3
3 5
38 6 3 40
11 10 20 38 9 13
3 37
21 6 3
11 3 6 2 7
4 3
3 6 37
13 11 38

40 8 3
3
2 1 5 38 20 11
5 38 11 35 3 6
13 18 8
35 11 3
3
38 3 6
3
8 7 3
3 38
9 5 39 15
9
6 3 9 37

5 6 36 3 21
7 3 16 9 38 11
36
3 6
1
6 3 11
3 1
7
7 11 10
23 2 3 7
8 13
10 8 39
35 11 15 9
3
3
1 0
39 9 10
7 11 3
6 5 3 20
6 5 11 10 3
1 36 10
7 6 3
3 38 7 1 16 6
1 35 11 3 23
7 3 6
7 3 9 11
3
16 3 6 2 1
16 23 13 8
3 1 23 5
3 4 7 20 19 23 6
3
1 11 3 39 8
3 1 2 38
6 4 1
15 17 11 4 6
0 4 38 20 3
3 9 33 15
20 3
3
38 11 3 23

3

38 7
16 4 18
3 39
15 9 11 37
11 3 4 38 15 1 2
3 7 35 11 16 6 10
9 7
22 38 1
3 7
6
10 3 36
2 1
2 3
3 36 39 19
20 3 33 10

3
11 7
9 3 11 4 36
1
38
3 6
6
37
3 6 7
21 3
2 0 3

10

3 7

3
35 1 6
11 40 3 38 13 1 6
3 38
11 3
3 6

20 40 18 1 6

3 10
11 7 16 3 1 6
23 38 11 3

3 10 11 9 13 4
3
11 39 3 17 13 6
10
8 9 3
6 3 39
3 2
3
3
1 13 16
1 15 3 2 7 11
3
6 3
40 16 17
13 3 1 6
20 8 17 1

9 3 8
1 10

3 37 22
3 11 37 40
8 15 40 22 17
7 3
1 16 37 2 3 18 15
35 6 1 23 20 37 11 3
1
3 11 7
10
8
11 20 16 8 36 35
11 9
1 37 10 4 38
3 38 11
1 3 11 2
37 3
9 16 8
11 15
3
6 3 11
11 8 3
2 3
6 5
11
3 10 7

9 5 11 3 38
3 7 8
9 1 39 3
20 11 16 35 33 10 23
0 3 1
36 10 11 17 3 15
37
16 38 11 3 6
4 3
11 3 36 1 2
0 1 11 3 38
3 37
8 3 4 6 38 9
20
10 1
11 15
11 20
16 10 3
19 16 11
9 38
3
37 3 1
1 33 39 7 3
1 3 38
6 1
4 6 7 18 3
4 3 23
3
3 1 7
7
11
20
5 1 6 2 3
15 6

33 6 36 7
3
3 17 6
13 3 16 11
13 3 11
11 39 3 17 38 15
11 40 33
6 1 3
7 13 8
10 15
23 6 3
3 33 6 35 7
11 3 5 35 1
6 3
4 37 6 7
4 1 18 3
3 10
6 3
7 39 6
3 7 1 8 4
37 9 3 39 17

11 6
3
36 6 23 3
3
10
1
37 23 7 9
11 7 1
6 35 37
3 13 37 15 33
1 7

3
1 15
9 7 10
3 33

3 5 7
8
3 17 9
38 39
3
3 7 6
35 3 10 9
33 13 3
8
1 11 3 6 7
1 10 3 7
3 9 11 18
3 9 23 10
7 9
36
20 18 3
38 6 3
3 6
3
3 37 8

16 10
3 36
9 11 37
3 6 16
1 15 3 38 2
