8 3 27 15
27 6 19 16
6 27 11 18 35 1 40
27 33 10 15 3
27 3 38 11 15
20 11 9 7 36 15 3 27
17 15 27 8
10 27 35 13 1 23 15 3
4 6 1 15 27 3 16
6 27
3 11 13 15 38 27 40
15 16 13 18 27 3 11
27 1
27 15 11 3 9
3 15 6 27
15 11 27 20 17
2 3 27 6
16 3 15 27 13 35
3 6 15 27 20 23 16
7 15 27 3 40 6
27 11 18 15 7
20 10 9 38 3 15 27 23 39
27 7 10 17 20
3 9 27
18 27 15
2 27 17 18 3 10
3 27
3 27 15
6 3 37 27
15 9 8 11 16 27
7 27 6 1 21 3
3 35 38 27 20
27 3 20 19
40 15 4 3 1 13 27
16 27
3 27 10 23
6 27 15
0 11 27 3 2 1 12
3 27
35 3 15 1 18 8 27 20 2 19
17 27 15 3 9 6
11 27 3
17 6 3 27
27 10 15 17 11
15 3 27 9
3 27 6
27 13 15 38 3 11
8 27 6 3 23
27
11 17 15 27 3
1 6 11 3 27 37 7
10 16 27
35 15 36 10 27 3 18 20 7
27 3 15 37
27 39 7 37 19 3 6
10 27 15
16 15 3 6 2 27
15 27 16 3 6
27 3
4 3 15 27 11
11 16 27 9 15 3 7
3 27 6
3 5 27
6 27 5 1
16 15 11 20 6 23 27 7
27 3 1
11 1 37 2 3 27 21
27 1
27 38 18
27
27 40 37 23
15 37 10 20 27
3 1 27
16 21 3 6 27 15
3 27 15 38 6
13 15 3 27 6
20 27
5 1 2 3 27 9 15 23
6 3 27
16 27 19 23 33 20
3 7 27 33
3 27
15 6 37 27 11 3 38
6 27 15 16 3 23
27
1 3 27 15
9 27 39 15
3 15 1 27 11
3 6 27 2
27 33
20 1 27 6 19 21
11 15 9 20 27 16
27 3 6 15
17 27 19 3 20 15
27 15 3 11 22
22 15 16 19 27 11 39 6 33 20 1 23
23 15 17 27 38 20 13 33 11
27 10
8 27 38 36
10 15 27 33 23 9
6 3 27 35 15 7
27 1 15 3 10
27 3
4 15 27 6
11 27
15 4 27 23 3 13
1 6 3 15 27 16
27 5 3
35 13 27 6 15 11
3 10 27
7 16 10 27
6 13 27 36 15
35 9 40 27 11 7
27 18 36
15 6 27 38 20
15 3 16 27 17 1 9 13
5 27 8 3
15 8 17 27 3
27 10
27 8 13
27 15
0 15 6 3 19 36 27
4 3 27
3 27
1 27
20 15 27 11
1 15 27 6
3 27
27 0 3
10 27 7
8 27
15 27 1 10 38 11 36
23 19 27 6
27 15
15 2 1 27 18
11 23 10 27 15
7 27 0
10 27 16
36 37 8 27
27 16
27 6 1
27 10 15
20 5 27 1
3 27
3 27 7 15 6
27 3 18 7 1 35
23 9 10 16 3 27
15 10 33 27 11 38 7
15 23 11 27 33 16 3 20
15 3 38 27 37 6 2 1
27 3
16 11 3 18 27
15 23 13 11 27 20 3 19 9
17 13 27 7 20 8 15
5 6 27 21 18 17 16 23 7
27 11 3 10 7 15 16 37
27 3 7 16 17 15
7 35 13 1 27 3 15
6 27 15 11
16 27 6 3 22 13 15
27 36 22 13 15
7 6 15 5 1 27 3 22
27 1 4
1 27
13 27 16 3
15 6 27 3 16
27 3
3 27 8
15 2 4 3 1 11 27
27 11
27 11 18
16 27 7 8 3
27 7
17 1 3 27 15
27 8
3 0 2 1 27
1 27 3
27 1
23 9 27 18
3 27 35
27
38 3 11 18 1 27
5 35 15 27 1 11 3 38
11 39 36 15 23 27 10
27 15
27 6
38 10 27 37 36 17
37 15 3 2 0 27
8 23 1 15 27
7 8 27 33 9 15
38 3 23 15 33 6 27
27 3 6 15 40
27 13
27 3
27 18 4
27 3 7 6 15 37
13 6 7 27
7 3 21 10 15 20 11 9 27
17 16 27 1
13 9 11 36 27
3 27 19
15 27 5 2 1 3 10
27 1
27 3 16
27 33 15 10
13 7 3 11 27 15 35 20
7 15 27 3 35 6
27 0
8 27
27 36 1 38 18 16 15 3 6 39
23 27 3
27 3
20 23 4 6 3 27 33
4 1 6 2 5 27
27 3 7
15 0 27 3 1
18 20 7 33 13 27
38 11 3 23 27 16 21
15 27 11 13 37
21 13 27 11 3 38 2
38 10 27
15 27 20 1
33 27 15 7 23 3
3 10 15 1 27
16 27 1 6
27 3
15 23 27 13 22 4 1 10 3
6 4 3 15 27
11 3 40 27
3 1 27 13 15 6
27
1 20 27 23 18
6 27 17 3 18 23 15
1 40 27 19 6 15
2 16 3 11 27 13
27 7 8 15 23
27 13 15 5 9 3
3 27 1 2
15 27 11 37 3 10
6 4 2 27 1 3
11 15 16 38 3 40 27 5
3 11 27 7
13 9 15 20 11 27 10 36
23 3 27 20 15 16
19 27 35 10 8 3
27 3 1 7
10 27 22 11 15 4 3
11 9 15 3 20 27
38 13 27 22
27
27 3 6 15
27 3
5 15 18 27 3 2 16
6 27 35 3 23 15 5 21
17 36 27 15
27 3 38
3 8 27
27 6 23 3 15
3 27
7 3 27 20 8
27 37 3 11
9 37 22 27 15 5
9 27 8
1 37 27 9 6
27
8 23 15 5 3 20 27
27 3 9 16 7
39 23 27
20 13 3 27
3 27
33 23 39 27 3 22 6
17 37 27 10 1 3
27 7
38 27 11 15 36 7 10
23 27 11 2 15 7 3
17 8 27 21 13 35
10 27 16 8 18
40 6 27 23 15
27 3
27 3
6 27 1 15 3
11 9 15 27
11 7 3 10 27
3 27 20 7 37 16 5
27 6 40 3 23 5 11 7 15
11 3 36 27
7 15 3 27
8 15 1 16 6 27 3 20 23
3 27 1 15 20 18
3 7 27
3 27 7 6
3 27
27 2 39 15 1 20 3 11
23 8 35 27 13
27 15 3 5 4 1
15 4 3 7 27 23 16
27 3 10
15 3 27 2 36 8 9
11 27 1 3 16
27 19 3 0 4
22 20 15 27 33 4
1 15 6 3 27 4
15 9 27 3
11 3 27
3 37 40 27
3 27 10
27 15
1 27
15 27
7 39 27 11
16 13 27 15 11
3 27 39
9 27 11 10
15 33 3 27 36 23 2 1
7 11 6 15 27 1 10 17
7 10 27 9
21 23 3 11 15 27
3 7 6 27
6 27
15 3 10 27
3 2 27
2 27 3
3 10 18 27
3 27 38 15 5 36 23
23 15 27
27 16 1 6
27 7 6
4 27 15 3 9
8 6 20 27 3
27 6
27 3 6
15 27 36 6
15 27 35 37
3 6 7 27
20 27 15 3 6
2 15 1 27 3 6
27 40 15
38 27 23
27 15
27 15 3 20 7
10 27 35 40 23 38
38 11 3 27
6 11 23 3 27 36 15
40 37 15 3 1 8 27 13
27 1 23
6 1 27
20 27 6 3 36
27
3 27 17 35
27
3 6 27
1 37 6 3 27 15 8
27 15 36 16 3
27 15 23
38 4 11 27 3 13 9 15
27 39 15 38 1
27 8 13 3 15 16
10 27
11 3 6 27
8 9 3 27
27 3 1
27 6 1
3 27
15 27 11 3 39 13
2 27 11 3 1 7
27 3
11 3 27
36 20 10 15 27
27 13 3 35 15 1 16
15 27 16 3 19
11 20 1 27
9 10 27 3 15
27 15 11 3
27
27 11 3 21 20
27 3 38 40
16 40 15 10 27 22 17
3 27 7
1 2 11 3 27 20
18 6 20 23 15 3 1 27 11
27 1
7 27 12 3
27
23 27 10
8 35 11 27 15
38 15 11 33 23 27 40 9
4 27 10 17 3
15 27 3 6
27 3 2 1 0
37 1 35 27 15 11
9 15 10 27 23 33
27
27 3
6 3 23 27
3 22 27 23 15 6
2 3 27
20 27 5
35 27
11 3 15 27 38 6 7
15 27
9 27 3 5
7 10 1 23 20 27 15
3 6 1 11 27 15
8 38 7 21 23 27 18 10 11 16
27 3 1 39 2 16
16 23 10 27 3 40 15
27 20 10 23
15 8 37 3 35 27
27 4 16 3
38 27 3 1 15
27 1 6 3 11
3 27 39 6 35
27 7 6 3 4 11
21 8 15 36 27
23 27 3
6 27 23
40 27
3 23 27 19
17 27 6
23 27 9
27 3
37 1 27 3
3 7 27 1 13 6 39 5
27 3 38 1
1 6 27
27 6 3 11 16 15 7
4 6 3 27
27 15 37 35 3
8 3 1 19 27 7
27 7 8 15
27
15 20 27
1 2 27 6 3 5
6 27 21 20
27 15 38
27 9 6 23 15 11 21
27 3
27 15 8 16 3
19 3 20 33 13 15 27 23
33 13 27 3 6 15
11 10 3 27 36 16
11 15 35 27 20
1 6 3 27
27 10
20 10 27 11 15 23 40
27 38 3
3 35 27 33 7 6
5 1 16 27 3
27 9 3
4 7 15 10 16 19 27 11
1 15 3 17 11 27
3 27 15
11 18 1 15 7 27 6
17 16 7 15 27
10 3 7 27 15 4 1
15 27 21 9 3 16 35
19 27
27 15 8
3 27
6 23 27 1 15
27 3 15 10
27 11 38
27 1
23 7 35 9 27 38
3 27 11 7
7 15 27 20 9
3 27 15 13
27 7 3
8 27
3 38 10 27 40
1 10 15 27 22
27 7 11 9 15
3 33 27
27
6 20 3 7 27
8 15 27
6 1 27
15 27 39 10
23 15 16 3 27
6 18 15 3 27 7
10 27 3 9
27 13 23 3 20
33 27
1 38 27 3 7 11 15
7 15 1 6 27 3 38
15 27 3 16
6 20 3 27 16 11
9 27 7
27 10 33 15
35 38 3 10 33 27 17
27 33 3 8 40
37 6 3 20 27 15 21
27 3
6 40 3 27
27 15
6 27
27 10 15 3
20 27 10 9
22 3 15 6 27
1 3 2 16 27 6
16 38 11 3 27
19 27 17 6 16
15 27 40 18 1 6 35
11 27 3
1 8 13 15 27
7 11 9 36 15 27 3 20 10
27 8 18 15 16
37 23 11 1 15 27 13 3
16 15 11 3 4 27 1 6
27 6
40 13 15 27 11 3 38
18 3 27 16 15 11 13
3 27 38
3 19 9 8 27
3 27 15
11 27 17 36 20
2 3 27 6
27 3 13 35 16 15
16 8 20 27 3
7 3 27 40 6
8 18 27 7
3 9 39 38 20 15 27
7 20 17 8 27
11 12 9 3 27
15 27 18
3 18 17 2 27
27 3
27 15 3
7 27 6 37 3
27 10 15 11 9
21 7 27 10 1 11
20 37 3 27 16 38
15 20 5 3 27
23 13 3 1 4 40 27
27 16 10
23 3 27 10
15 27 10
27 2 1 11 3
3 27
15 1 3 2 10 27 11 18 35
27 17 9 3 8
3 27 10
8 33 27 17 3
17 10 27 15
15 9 27 3
3 27
15 38 27 3 13
3 15 23 6 27 11
27
11 3 27 17 33
15 1 10 6 27 11 37 3 7
16 27
36 11 15 18 3 27 20 35 7
16 37 27 3
3 39 27 23 6 37
27 20 15
2 15 6 27 16 38 3
15 6 16 27 3
3 27
15 33 27 3 4 8
3 16 11 9 27 7 6
27 3 6 15
27 3
3 5 1 6 27
15 6 10 16 11 27 20 23 7
3 27 1
21 10 2 37 27 3 1 9
27 3
27 10 18 15
27
27 23 15 37 40
37 20 27
5 1 3 27
8 3 27 9 16 21 15
3 23 38 15 6 27
27 1 13
8 20 27
27 1 2 3 23 9
27 11 3
16 20 19 27
33 3 27 6
3 27
7 6 3 37 27 38
16 3 27 15 6 23
15 11 27
15 2 3 27
19 9 27 15
27 11 3 1
27 8 2 3
15 33 27
1 27 20 21
10 20 16 15 9 27
6 3 27
27 3 17 19 15 11 20
15 3 22 27 10
19 27 11 3 20 39 23 22 35 15 6 33 36 16
27 38 20 13 23 15 33 16
27
8 36 38 27
27 33 9 23
35 7 27 6 3
27 13 15 10 1
27 3
4 27 15 38
15 27
13 15 23 3 4 27
27 3 6 1
27 5 0
13 15 10 27 11
27 3 15
10 16 7 27
6 15 13 36 27
9 11 27 40 35 7
36 18 27
6 27 20
3 9 27 15 0 16 13
15 3 5 27 8
27 3 17
27 10
11 8 13 15 27
27 15
6 20 19 36 10 27 1 5 3
27 3 11 4
15 27 3
27 1
20 8 27
11 6 27 1
27 3
3 27 1
8 27 15 7
10 27
6 38 27 3 15 11 36
23 6 7 15 27 20
27 15
27 2 18 15 3
33 11 23 8 27
6 3 27
16 27 8
37 10 27 36
27 8
10 3 27
11 10 27
27 5 20 6 3
27 3
6 3 7 27
18 15 3 27 0 6 35
9 27 23 3 15
11 15 10 38 7 27
27 16 3 33 23 11 15 20
7 3 15 11 27 38 2 37 1
3 27
18 33 16 15 3 27
9 27 23 20 8 3
20 13 7 8 15 10 27 17
8 21 7 15 5 17 18 27 16 23
7 16 10 3 27 11 37 15
7 16 17 27 3 15
7 27 1 6 15 13 3
27 11 6
15 22 27 3 16 13 6
35 36 15 27 20 13
27 3 15 22 19 11 7 38 1 5
4 27 19 3
27 3
3 16 10 13 27
16 6 3 27
18 27 3
27 3
3 1 2 4 27 11 15
8 19 27
11 27 18
3 8 7 27 16 6
7 27
3 27 1
27 8
1 3 27 2 0
1 3 27
1 3 27
18 15 23 9 27
3 36 27
27
3 27 1 16 15 38
27 15 38 35 1 10 5 40 3
36 10 27 11 39 15
15 27
27
37 27 8 17 15 36
2 27 0 37 3 15
38 3 8 27 23
15 9 27 7
38 11 15 3 27
6 40 15 27 3
15 6 35 13 27
27 3
35 27 3 18
7 37 27 15 3 9
7 27 13 6
16 11 27 3 6 15 21 33 7 20 19
16 27 3 17
13 36 27 11 15 8
11 3 27 21
2 15 1 27 5 3 8
27 1
10 16 15 27 3
27 15 20 8
15 13 27 35 3 22 7 20
3 7 16 27 35
3 1 27
23 13 8 27 15
39 27 36 1 3 11 18 38
23 27 3
27 3
6 20 4 3 15 23 33 27
5 4 6 2 3 27
3 7 27
27 0 1 3
10 6 27 18 20 13
38 27 3 23 21 11 16
27 15 13 37
38 27 3 2 13 6 21
27 15 10 38 11
27 20 3
27 33 7 6 3 15 19
27 1 3
11 27 16 38 3
27 3
27 15 23 3 1 22 13
27 3 4 8
3 27 40 10 15
27 3 1 15 13 6
27
23 18 27 3 15 20
11 17 3 23 15 16 6 19 27
27 40 15 10 3 19
3 33 2 27 13 15 16
7 10 23 27 15
15 27 5 3 6
3 1 27 2
11 3 8 15 37 27
0 27 3 4 2
27 3 5 40 38 16
6 3 27
13 36 27 11 9 10 20
23 20 3 27 16 15
9 35 19 27 15 1
6 2 3 27 7
10 4 22 1 15 27
9 3 11 20 27 15
27 39 13 22 11
27
27 3 10
27 3
5 3 16 15 27 18 2
23 3 35 27 21 15 6
36 27 17
15 38 27 11 3
27 3 8
27 15 23 6 3 40
27 3
40 20 3 27 7 10
15 3 10 37 27
27 37 9 5 22
9 10 27 15
27 3 37 10 9
27
27 5 20 23 11 3
27 15 7 16 9 3
27 23 39
11 3 13 27
3 27
38 1 39 23 22 6 15 27 11
17 27 37 3 10 1
7 16 27
15 11 10 36 7 38 27
2 7 15 3 23 27
35 10 17 27 21 13
8 15 11 16 18 27
11 40 27 6
27 3
27 3
27 1 3 15 6
11 9 15 27
7 3 11 27
27 15 3 7 5 37
11 5 15 27 3 6 10 23 40 7
10 36 3 27
15 7 27 3
7 15 16 1 27 6 3 20 23 8
20 1 18 3 15 0 11 27
7 15 27 3
6 7 3 27
27 3
27 20 15 3 2 1 39
16 23 35 13 27 8
5 3 1 27
4 23 27 7 3 16
10 1 27
27 8 36 2 3 15
11 3 1 16 27
3 15 27 0 4
20 10 15 33 22 27 4
1 15 4 0 10 27 11
3 27 15 9
15 20 3 27
27 35 3
10 27 15 3
27
3 27
27
27 7 39
13 27 4 11 17
27 3 39 10
27 9 10 15
36 33 23 1 3 27 15 2
10 11 15 3 7 6 27 17
7 10 9 15 27
8 3 15 23 21 27
27 6 7 3
27 33 6
27 3 8
1 3 27
3 2 27
27 18 3 39
3 38 5 23 36 27
23 27 15
11 12 27 3
27 6 7
15 3 4 9 27
8 27 3 10
6 27
3 8 27
15 27 38 36
37 35 27 15
27 3 7 6 15
20 27 15 3
27 1 2 3
40 15 27
27 38 11 23
15 27
0 15 27 20
11 23 38 27 40 35
11 3 27 10
27 3 36 23
3 27 40 10 13 37 15 1
10 27 23 3
27 3 15
27 9 3 20 36 15
15 27
15 8 3 17 27
27
3 6 27
37 6 27 15 8 3 1
3 16 27 36
23 27
9 4 3 27 10 11 13 38
3 39 27 6
15 16 13 27 3
10 27
9 11 27 3
27 15 6 3
1 3 27
27 3
3 27
39 27 11 13 3
1 27 7 3 2 6 19
3 27
27 3 11
33 10 36 27 20 9
27 16 3 1 37 15
15 19 27 16 3
20 10 27 15
3 15 9 27 11
10 27 3
27
27 11 3 20 21
3 40 38 27
22 16 27 17 40 15 11
7 27 3
20 27 3 2 1 11 15
18 20 23 7 15 1 6 27 11 3
27 3
6 27 3 7
27 10
23 27 11
27 8 35 15 10
20 40 27 9 15 38 11 23
27 3 4 17
6 27 15 3
2 3 1 27 0
37 1 27 10 35
23 9 33 10 27
27 11
3 27
3 27 23 6
15 3 27 8 23 22 6
27 0
20 27 5
27 15 35
7 6 3 27 38
15 27
38 5 27 3 11 9
20 23 7 15 3 16 27 11 6
11 1 9 27 4 3 15 5
18 11 38 21 23 10 15 16 27
16 3 38 1 11 27 39 2
3 11 40 27 23 15
27 23 20 10
6 11 15 37 16 27 38 3 35
3 4 27 16
27 1 38 3 11 2
27 1 6 3
39 3 27 6 35
7 6 27 4 3 11
35 27 8 21 36
23 15 3 27
6 23 27
40 27 8
3 23 19 27
17 35 6 27
9 19 27 16
3 27
37 3 1 27
5 6 3 39 13 7 1 27
1 27 3 38
1 6 15 27
3 15 11 27 7 17
27 4 15 3 6
3 35 27 15 37
11 7 3 15 1 27
27 7 15 10
27 19
20 15 27
3 6 2 27 5 1
27 15 21 20 6
38 27
9 6 21 23 27
3 27
27 15 3 16 9
19 27 33 15 13 3
27 3 13 6 33
3 11 27 16 36 15
20 15 36 27 11
3 6 1 27
27 13 15
15 40 11 20 27 23
15 6 38 27 3
7 35 6 33 3 27
1 5 16 27 3
9 3 27
27 10 11 7 4 16 19 15
27 15 17 3 1
3 27 15
18 15 7 35 27 3 6
15 23 6 35 7 27 17
15 10 27 7 3 4 1
21 3 27 6 36 16
8 27
15 8 27
3 27
15 1 6 27 11 23
11 3 27
27 11 38
27 3
23 9 11 35 38 7 27
7 1 27
21 27 6 15
27 11 13 15 1
7 27 3
27 15
3 40 6 27
22 15 1 10 27
27 8 7 9 10
33 27 3
27
20 5 7 27 3
11 15 27 8 38
9 15 27 1
27 33 39 10 15
18 3 23 27
7 18 6 15 27 3
9 27 10 3
3 27 10 19 20 13
27 10
27 15 38 3 0
40 3 7 27 1 15
1 9 15 27 3 17
20 16 15 3 9 27
27 7 9
27 33
15 35 11 38 33 3 16 27
27 40 3 6
15 3 20 37 27 21 6
27 3
6 27 40 3
11 15 27
15 6 27
27 15 3
9 10 20 27
22 3 27 6
6 2 27 3 1
