7 27
19 27 17 39 8 16
15 35 20 40 6 27
36 27 15
37 27
27 10 9 38 15
27 17 16
10 3 27 11 40 1 39
4 1 5 23 27
27 6 10
23 6 7 13 27
15 6 27
38 11 16 27 39 37
27 20 16 6 19
15 7 27 6
15 17 20 38 27 11
2 38 15 27 10
39 16 9 6 17 27
27 20 15 8
6 27 11 13 15
35 27 18 7 6 15
18 15 27 6
7 20 15 17 27 11
27 15 18
16 11 15 38 27
15 11 27 2
6 27 15
27 7
15 27 16 20 33 6
27 9 8 35 38 16 11 15
27 11 39 38 0
22 23 15 19 27
27 7 19 6 23
5 10 27 1
27 10
27
27
11 27 0 2 15
21 23 7 20 27
27 2 3 15 1 10 36 16
1 9 21 6 27
23 27 19 6 7
11 27 35
27 13 15
10 27
27 4 11 40 38
27 21 16
11 20 27 15
27 0
11 15 27 6 17
27 1
10 16 27
6 40 21 4 27 38 11 16
38 17 22 27 18 15
23 27 16 15 6 35 36
15 20 27 11
20 27 7 15 2 13 16 17
6 36 11 17 27
27 7 6
5 15 27 10
27 15 7
0 27
27 23 15
1 27 6 15
15 27 16
11 27 1 3
27 2
15 27
18 27 8
27
23 27 8 15
10 23 27
27 15 1 22
35 33 27
27 3 15 23
6 27 10 15 11
8 20 27
2 1 11 27 23 15 7
22 15 27 16
33 27 35 22 8
15 7 27 11
6 20 17 27
6 27 11
6 16 22 33 27 9
27 10
2 39 27 15
19 27
15 27 18 20 40 6 1 38 16
27 7 6 2 15 4
15 27
22 13 11 27 6 5 15
27 20 9 16
27 11
27 40 23 10 16
23 0 4 27 15 11
35 27 13 23 33
15 17 35 27 20 23 13
27
27 15 40 10 35 8
15 18 7 27
37 27 15 6
27 10 1 33
27 3 6
20 33 15 11 16 8 27
27
6 36 27
7 1 27
27 10 8 15 40
35 15 36 16 37 27 11 6 38 20 23
27
7 15 16 27 8
11 27 8 15 19
10 9 7 27
18 27
27
40 11 20 1 27 38 15
15 27 13 35
6 38 22 27 21
36 27 8
35 15 10 27
8 39 15 27
1 37 6 27 17 13
13 23 9 27 15 10
15 16 27 11 6
6 27
22 27
27
33 27 35
6 1 27 11 15
7 27 11
8 27 15
27
9 27 10 15
27
27 15 1 37
36 27 40 23 15 8
6 27 7
40 8 27 16 15 38
35 37 8 36 27
16 27 15
27 0 36 37 11
10 15 27 37
7 6 27
27 1 10 15
11 15 27 6
4 15 1 38 11 27
6 27 15 19 13
15 7 27 11 8
17 27
1 27 19
7 27
20 23 7 15 27 11 17 38
6 23 27 20 13 3 15
7 8 20 27 17 13
37 15 23 27 19 6
27 16
11 7 27 15 16 23
27 10 23 20 0
15 11 6 27
27 17 15 10
15 22 27 13
6 27 1
3 18 10 27
8 7 20 27 15
16 27 40
6 27 15 7 17
27
27
6 2 1 39 27
27 15 19
18 27 15
27
7 15 27
20 27 0
15 10 40 8 27
9 15 27 2 1
1 27 15
27 1 11 6
35 27 18 10 9 23 15
27
27 37
7 1 4 27
3 27 1
23 35 15 10 37 27 38
27
36 11 27 7 6
27 11 23
9 39 2 11 15 1 27
11 15 22 27 17
8 27 15
35 6 17 27 37
6 3 37 27 35 15
27 16 8 19
27
13 10 27 38 9
35 36 27 15 10 9
9 27
6 40 27
10 39 17 19 27
13 9 27 10
7 27 19
33 1 27 7 2
6 27 19 1 23 15
18 15 27 9 11
10 20 27
27 6 20 23 15
27
35 1 27
19 27 40 23 8 15
1 27
16 27 40 15
27 3
15 6 7 23 27
27 2 5 33
27 7 9
27 13 0
27 23 36 15
27 18 23 15 35 21
27
27 2 6
27 15
15 27 18
27 1
18 21 15 11 1 38 27
3 16 38 27 6
6 11 27
38 1 27 3 21 33 15
7 11 35 27 5 15
9 16 17 27 36 38 20 15
11 1 13 27
22 16 23 15 35 27 11
27
16 6 27 11 17 10 23 15
27
2 27
27 7 35 11 23
27 15 11 8 6
1 11 27 39 2
15 37 27
2 10 27 15 1 5 9
23 27 6 4
16 4 27 18 11
9 38 19 13 27 10 20 11
6 37 27
6 27 11 40 13 15
15 9 27 2 23
22 27 1
36 27
10 27 15
27
3 27
6 19 27 11 13
16 27 33 2
27 13 35 15 7
27 8 16 15 17
27 7 15
35 27 15
10 36 27
27
27 6
27 15 11
27 16 17 8
27 8 15
7 27 8
27
27 4
6 20 23 21 27
40 27 23 15
8 27
27 15
8 15 17 27
20 7 27 15 1
7 16 27
7 36 15 10 27
37 27 6 7 15
17 13 27 21 15 10
8 39 18 15 27 16
27
27 38 11 15 20
27
8 1 7 27
27 38 15 9
15 27 6
4 27
38 1 15 16 22 27
15 36 27 11
27 7 9
1 16 0 23 27
27 1 7 23
6 27
27
9 27
15 1 6 2 27 17 3 20
15 37 27 16 8 23 13
27 3
16 19 5 27 11 37 18 15 33
27 33 6
2 33 27
27 6 1 13
15 38 11 17 6 27 1 19
13 39 27 40 8 11 10 15 38
23 5 1 4 15 27
11 27
15 16 9 33 27
16 33 27 38
15 27
27 23 15
27
35 27
40 27
27 5
10 27
13 27 15 36
2 27 1
22 7 15 27 6 11 17 3
10 15 27 9 7
27 20 22
7 27 6 8
27 6
3 27 13 4 6 15
27 2
27 2
27
7 8 36 16 27
27
11 27 15
11 15 27 9
27 10 9 38 23 3
6 20 27
27
27 6
27
27 15
9 11 27
6 7 27 11
27 2 6 1
15 27
38 23 11 27
27 33
4 27 19
6 27
15 27
27 7
27 1 6 19 13 15
11 27 38 23
15 27
27 6 4 16
15 27 8
27
27
27 20 15
27 22 5 1 10
38 7 15 27 16 6
27 38 10
16 5 6 27 20 7
9 10 27 7
27 20 15 40
27 10
9 11 15 27
10 36 27
9 1 27
38 39 35 15 27
3 27
27 38 15
10 2 4 1 27
1 27
17 27 9 15 11
19 20 27 39 9 40
1 3 15 13 16 4 0 27
15 10 27 21 20 18
27 15
6 7 27
27 7 15 6
27
10 18 27 15 16 11
10 27
16 22 27 17 15
8 27 15
15 20 27 1 11 2 35 18
27 15 1
27
13 38 6 27
27
27 15 10
20 27 11 8
9 15 23 27 22 8
15 27 6 5
10 27
9 3 1 27 2 15
6 8 27
10 27 9 23
15 27
27 4
27
1 23 27 15
27 2 11
16 19 27 17
11 27 20 23 15
27
15 27
11 27 13 15
33 20 27
0 27
16 11 27 23 37 21 15 18
0 1 15 27
19 27 11 20 15
10 20 23 27 37 11
27 11 15
6 27 20 5 23
3 1 0 27
35 16 17 27 20 1
27 37
9 8 27 38 15
20 15 36 27 35
27 20 1 16 6
6 27
15 6 27
23 10 17 27
6 27 17
16 23 9 27 15
6 27
19 27 15 20 1
27 15 10 1 16
37 6 1 27 15 7
4 3 27
11 27 10 5 17 36 15 9
20 6 27 16 5 15
15 3 27
15 11 1 6 16 27
15 7 11 27
27
39 11 15 20 27 38
15 22 40 9 1 6 7 27
27
27 39
21 15 9 10 16 27
13 27 8
15 11 13 27
13 27 20 15 16 19 7
38 6 3 19 27
7 27 8
15 11 27 20
36 1 11 16 27
13 27 19
15 22 27
1 27
20 27 8 19
1 27 21 10 33
27 11
1 7 27 15
11 27 1 6
27 6 23
27 37 16
27
6 22 1 11 27 16
35 21 15 16 27 8 40 9
11 27
27 15
1 40 11 27
27 15 13
3 33 6 27 15
27
17 15 27
27 38 9 11 23 7
10 15 27 9 39 35
37 27 15 33 9 10
16 27 15 9
20 7 6 27
10 27 15
27 15
7 37 15 21 27 10
8 7 10 15 9 27
27
27
27 15 22 9 6 11 38
15 38 27 10
23 27 18
27 10
12 27 21
11 27 6 15 23 21
33 27
27
35 11 15 27
13 27 0
1 27 11
27 40 1 39 6
18 27 6 15
7 9 27
13 27 39
27
27 15
15 27
16 3 17 27 11 9
27 15 6
15 27 38
6 27
27 7 18 10
20 9 27
27
27 1 2
27 7
39 15 16 6 19 27 17
15 27 9 40 10 20 35
6 36 15 16 27
15 27 1 10 37
27 9 11 16 38 15
16 17 27 8
1 27 3 39 10
4 3 1 27
6 27 15
27 7 23 13
27 6 15
27 11 37 38 16 39
6 20 9 27
6 27 7
38 27 20 17
10 1 38 27
27 9 11 16 39 17
20 27 15 8
6 27 11 13 15
6 18 35 15 7 27
27 6 18 15
17 27 7 20 15
27 15 18
18 11 27 15
2 15 10 27
9 27 15 10
7 27
27 15 16 8 20
35 15 38 8 9 27 11
11 27 1 33 38 40
19 23 11 22 15 27
23 6 27 19
5 3 27
16 10 27
27
27
2 15 27 0
27 7 21 23 20
6 2 1 16 27 15 36 35 3
1 27 21 6 9
6 23 7 27
16 10 27 35
13 27
27 15 10
11 15 4 38 27 6
21 11 27 16
27 11 20
27 10
27 9 11 17 15
0 27
11 10 27 16
10 21 38 9 40 27 4 15
11 18 22 17 38 27 15
6 23 16 36 27 15 35
27 10 20
6 13 16 27 17 15 7 20 2
27 36 19 16 6
27 6 20 7
15 27 10 5
6 27 15 7 11
27 1
23 27 10 15
6 1 27 15
15 27 16
3 1 27
2 27
27
8 27 18
27
23 8 27
23 27 10
1 20 11 15 27
33 36 27
27 3 15
10 27 6 33 15
27 20 10
6 2 11 23 1 27 15
22 27 15
35 27 8 22 6
7 27 33 15
20 27 17
6 27 15
16 6 27 22 15
10 15 27
1 6 27 15 38
27 19
15 27 1 16 38 10 40 6 18 20
27 4 6 7 2
27 15
13 6 11 7 5 15 22 27
16 9 20 27
27
27 40 23 17 10
11 3 27 6 23
35 13 33 27 23
27 17 20 13 23
27 8
8 27 15 35 40 11
18 6 15 7 27
15 27 10 37
27 15 1 10
6 27 4
33 6 16 27 11 20 15
15 27
6 27 36
7 27 1
40 11 27 6
20 8 35 36 15 37 27 10 16 23 11
27
27 15 16 7 8
15 27 11 8
8 15 9 27 7
18 12 27
27
15 35 1 40 27 11 38 20
27 13 35 15
38 6 21 11 22 27
8 27 36
27 10 15 35
39 15 8 27
37 27 1 17 11
13 15 6 23 27
9 16 15 27
6 27
22 27
27
11 27 35
9 27 15 1
7 27 11
15 27 8
27
27 9 10
27 15
37 1 27 15
15 40 8 36 27
27 7 6
16 38 27 15 40
35 10 27 36 37
8 16 27
27 36 37
37 15 27 8
6 7 27 11 1
10 16 19 1 27
15 27 11
38 1 4 15 27
15 27 11 19
7 27 11 10 38 15
6 17 27
3 1 27
7 27
27 38 20 23 7 15
23 9 3 27 13 10 20
7 20 17 15 27 13 11 38
6 23 27 19 37 15
8 27
27 23 11 16 7
23 10 0 20 27
6 27
27 19 17
22 27 13 15
15 8 1 27
27 18 12 5
20 27 23 6
16 27 40
15 27 7 17 6
27
27 6
2 39 6 1 27
15 27
15 18 38 27
27
7 27
27 9 1 20
8 40 15 27
9 1 2 27
27 1
15 1 6 27
10 23 9 18 27 35
27
37 27
1 27 4 7
27 1 3
39 23 35 15 10 16 37 27 11
27
27 12 36 11 7
27 23
39 27 2 6 1 15 11
11 17 22 27
19 27
38 15 6 17 37 27
15 35 3 37 27 6
16 8 27
11 27
13 9 27 38
9 27 36
27 9 15
6 27 15 40
27 17 6 19 15 8
15 27 6 13 19 16
6 7 15 19 27
2 1 27 15 33 7
27 6 23
15 10 18 27 9
27 10 20
23 27 15 6 22 20
27
2 27 35
15 27 40 8
27 0
16 15 38 27 10
27 3
15 19 27 6
2 33 5 27
27 6
27 13 0 15
36 9 27 23 10 38
18 15 21 27 35
27
2 27 6
15 27 10
1 27 6 18
27
18 38 27 15 21 40 0
3 6 16 27
27 15 9
27 1 33 38 21 5
7 35 6 27 5 11 15
17 15 27 16 38 11 36
13 27 1 11
22 15 10 11 16 27 23 37
27
23 6 10 16 15 27 17
27
27 2
35 33 7 27 15 23
27 13 7 11 6
27 39 2 1
27 15 37 1
11 5 15 27 1 9 2
4 6 11 23 27
27 16 18 11 4
11 27 9 10 20 13 38 15
37 27
27 13 6 15 40
9 2 23 27 15
27 5 22 15
36 27 15
10 15 27
27
3 27
8 27 13
33 2 27
7 15 27 35 13
15 17 27 8
27 7
35 27
10 15 36 27
27
6 27
15 27
16 8 27
15 27 8
6 7 33 27
27
27 4
23 6 15 27 20 21
23 40 27
10 27 15
27
27 17 10
1 27 7 20 15
27 7 11
11 7 10 35 15 27
27 15 9 37 8 7
15 21 17 10 27 13
8 15 18 39 16 27
15 27
27 38 15 11 33 20
27
7 27 1 6
10 38 9 27 15
6 11 27
4 27
27 3 22 35 15 16
15 35 19 27
7 9 27 15
1 19 16 15 27
1 6 23 27
6 27
27
9 27
20 27 6 2 1 17 15 38 3
13 15 37 23 16 27
27 3
6 11 27 37 1 18 33 19
8 27 6 33
33 2 15 27
10 1 9 27
6 27 17 1 11 12 39 15 21
8 13 39 15 38 27 40
15 27 23 1 5
6 27
11 6 15 16 27
15 33 16 38 27
27 6
23 27 15
27
27 35
15 40 7 27
5 27
6 15 27
13 6 36 27 15
1 27 2
15 7 10 20 27 3 6 17
10 7 9 15 27
20 22 15 27
27 8 7
27 6
10 13 4 3 27
2 27
2 27
27
7 8 36 16 27
27
27
15 11 27
3 9 23 10 27
27 20 6
27
6 27
27 15
27 15
9 11 27
10 7 27
27 2 6 1
27 11 15
27 38 23
27
15 19 27 4
6 27
27
27 7
6 1 27 15 19
23 38 15 27
15 27
27 16 6 4
8 15 27
27
27
15 20 27 10
6 22 27 1 5
38 16 15 11 7 27
27 39 15
11 27 20 7 1 16
27 7 8 15 9
27 20 15 40 11
27 10
11 27 9
27 36
27 2 9
35 15 27 11 38 39
3 27
6 39 27
27 2 4 6 1
27 1
27 16 9 10
20 11 40 9 27 39 15
3 11 0 15 1 13 27 4 19 16
21 10 18 27 20
27 15
6 7 15 27
27 6 7
27
18 8 17 11 27 15 38 10
10 27
27 15 22 16 17
27 20 15 8
15 35 18 1 27 2 20
6 1 27
27
13 27 11 40 6
27
27 15 10
27 11 20 15 8
20 8 9 23 15 27
3 27 15 6
27
9 1 27 11 2 3
13 27
15 23 9 27
27
4 27
27
27 15 1 23 6
27 2
27 17 15
27 15 23 11 20
27
15 27
27 11 13
15 27 33 20
0 27
18 16 21 7 15 37 11 8 27
27 6 1 0 15
15 27 19 20 11
37 20 10 27 23
11 15 27
19 20 23 27 6 5
3 1 0 27
35 0 16 17 27
37 27
38 15 27 8
35 36 20 15 27
6 27 1 20
6 15 27
15 27 6
23 27 17 10
6 27 17
8 27 16 9
6 15 27
1 27 20 19 15 3
27 16 1 8
8 27 1 37 19 7
3 27
15 10 36 9 17 5 11 27
16 15 5 20 27 6
3 27 15
15 1 27 0
10 27 7 15
27 10
38 33 27 39 15 20
7 2 1 27 6 15 22
27 15
27 39 38
11 21 9 15 16 27
27 13 15 11
13 15 27 11
20 6 19 35 15 7 16 13 27
38 3 19 15 6 27
7 27 13 19
20 27 15
36 27 15 16 1
13 27
27 22
27
10 15 27 20
33 27 10 1 21
11 27
15 7 27 1
1 27 6
6 23 27
27 17 37
27
22 15 1 16 6 27 11
40 27 1 35 16 39 38 6 21 15 11
8 27
6 27
11 1 27 40
11 13 15 27
10 3 27 9
27 15
17 15 27
23 8 7 9 27
35 27 10 39 9
37 15 10 27 9
16 9 15 27
20 7 6 27
15 8 27
27
7 21 15 37 27 10
15 11 27 9 8 7
27
27
22 15 9 6 27 11 38
10 15 38 27
27 10 9 23 18
8 27
6 27 21
21 23 6 27
27 33 35
27
15 27 35 11
27 13 11 0
27 1 11
39 1 6 27 40
15 18 8 27
27 9 7
38 15 13 27
27
15 27
27
9 17 27 1 16 11
6 27
27 15 38
15 6 27
18 27 6 7
9 27 20
27
27 1 2
