7
6 23
18 35 6 11 39
38 33 39 15
10
9 10
19 8 18 15
1 21 3 15 10
4 15 1 17
16 6
13 7
9 11 22
10 16
15 16 8 6
11 7
23 18
1 2 15
17 9
16 6
13 15 6
6 7 15
39 6
21 7
6 19
37 35
2 10
9
6
17 8
33 8 9
0
38 11 19 6
23 6
1 3
10


2 1
11 7
6 3 15 1 2 40
38 6
7 33
36 17 6
15 6 13
10 36
11 4 40 38 6
18 17
6
12
9 38 11
2
39 11
22 6 20 4 23
35 15 38
20 38 10 11

2 7 15 11 6
6 16
10 7 33
10 5
11 7
13 0

8 1
15 6
10 1 3
2
35 6
8

20 8
33
1 11 22
33
3 6
10 6
8
2 7 1

6 13 20 23
15 33 7
18 39 11
8
18 6
10 23
1 33
39
1 33 6 11 20
7 33 4 2
20 33 38
5 13 7 23
9 22 8
6

6 4
35 33
40 13
8
8
6
36 6
11 1 15
3
11 38 39 21 16 6

16
7 6 1
8 11 38 39 9
6 10 11 33 23 40
10
7 10
6 16 33 11
9 7 39 38 11 40


16 11 38 1
13
22 8 6 33
11 23
10

13 18 37 20 6 1
13 6
6
6
23


1 9
40 10 37 7


37 9 10

2
10 11 22
6 23 7 33
17 8
35 23 36 37 11
8
37 36
11 38 21 10
11 7 8
10 1

4 0
15 16
11 8 23 7 37 33
15 23
2 1
7
15 16 6 38 18 20 23 7
13 16 9 10 3
18 7 8 13
21 39 6
6 16
7 11
16 0
6 35
10 18 23
13 40 19
1 16 38
6 5
7 33

7 33


39 6 2 1
6 18


11 38 7
38 1 8 11
37 11
10 9 1 2
1
35 6 1 10
9 11

37
1 4 7
1 3
10 11 40

7 8 36
10
1 6 38 2
18 6
7 9 16 17 38 11 8
15 18 6
33 38 35 36 1 3
8 15
15
6 11 13
38 11 9
33 18 9
9 11
6
13 6
10 7
6 2 1 19
6
6
8
6

6 1 35
16 8 13 20
1
11
3
11 38 6
5 2 37 11 36
6
11 33 1
23
10 40

15 11 36 1
23 10
38 11 19

1
17 38 3
6
1 15 5 0 37
6 7 5
15 36
11 13 1
11
37 23
11 10

2
7
11 13 6 7
2 11 39 1

5 9 1 2 8
11 3 6
11 4
10 9 11 20
37 6
40 13 9 10 36
9 1
5
15 36
8

3
13 15 6
2 40
7 13 35
18 38 10 36 40 11
7

15 10

6

6 21
8
7 6

4
22 6
36
6
15 11
33 10
7 1 6
11 7
11 10 7
7 23 6 16
13 10
9 11 35
39 15 10
6 16 13

0 10
9 10
11 6
4
23 33 3 15 11 36
38
10 7 9
1 18 10
1 11 6 36
6

9
3 1 2 6 16 23
35 13 16 23 10 37 15
3
11 3
11
2 33 36 11
13 23 1 9
38 6 7 1 11
16 13 21 8
21 11 5 16 0
23 11
11 1 6
37
6 36
38

20 6
7 15 39
5
6
13 33
2 1
3 7 10 16 6
7 9 8
16 21 23 6
7 6 15

35 3 4
2 1
11 40 2

15 6 7
39
11
11 9 35
10 9 33 3
6

9 8

33 11
11 9
10 7
10 2 1
11
10 38
6
4
6

7
6 1

40
4 37 11 17 36
8 16


23 6
6 5 11 40 1
6 40 7 11 23
10
21 5 7
38 7 9


9 36
10 33 36
2 9
15
3
6 23
6 2 4 1
1
6
17 9
3 23 4 6 1 17 20 13
15 11
40
7 11
7

6 35 36 11 40 19

8 40 17 19 22
6
40 2 1 11 17 16
35 6 1

13 8


10 20 8 16
8 9
5 20

1 9 10 2
6
16 9 10
15
4

6
2
15 18
11 40 23 38 36 0
1

11 13
38
1
37 11 20 15 16
40 2 11 1 20
20 21
10
21 11
6 5
3 1
10 15 11 1 20
37
6 40
8 36 20
8
6
20 6
10 18
6 15 18
9 10 36
11 6
37 1
38 11 1 17
1 7 11
3
10 9 5 11
6 5 17
3 36
33 1 8 3
11 7
10
11 20 38
2 7 6 1 16 38 35
16
39
38 11 9 17
8 13
15 10 13
7 13 11 6 38 21
38 11 39 3
6 7
11 36
1 38
38 7 8 13
19

6
1 23 15 38 10

40 7 1 11
6 1
6 8


35 1 11 23
10 9 22 33 40 38
8
10
1 40 11
13 11
3 9
11
35 10
7 9 23 35
9
9 36 33
37 6
6 7 33
8
38
7 6 15
7 15 9 11


6
8 15
38 10 16
39 38 10
8
6
19 6 35


38 13 1
1 11
39 40 3
36 35
9 7
15 33 13

6
23
6 3
15 6
35
11 20
7 11 38
9

2 1
7
10 23
39 18 15 6 11
38 15 11
10 33
9 10
20 19 8 18
8 1 21
17 4 1 5
6 15 16
7 13
20 6
10 16
15 16 6
7 11
23 16
2
17 9
8 18 16
8
19 7 6
6 39
7 21 11
13 38 19
37 15 11 35
2
6
6
8 17
9 10 33
35 0
19 6
6 33 23
1 5
10


2 0
7 6
40 15 6 23 19 2 11 1
6 33 39
11 7
17 8 36
8
36
6 4 40 38
18 17
6

10 11 9
1
39 10
4 20 22 23 6
38 35
11 6 20

11 2 6 7
8
7 10
10 1
10 7
13 0

8 1 38
15 6 23
10 1 3
2
35
8

20 8
11 10
22 1
35 33
1 10
9 10 6
8
2 1 7

20 23 13 6 8
7 15 33
39 6 18
6
9 6 16
11 23
6 2
39
20 11 1 6 33
4 11 2 7
15 38 11
8 7 23 5
22 9 8
38
10
15 6 3
13 35 11
23 13 40
8
8 10
6
11 6 36
1 15
3 6
16 6 21 11 15 39

6 16
1 7
8 38 39 9 11
19 40 33 11 23 6

7
16 6 11
9 7 38 11


16 38 1
13
6 22
11 23
10
15
18 13 20 37 6 1
9 8 13
11 6
8
23


6 11 1
37 7 40


10 37 9

2
8 22
9 23 7 33
15 17
36 11 37 23 35

37 36
21 10 11 38
9 11 0
1 10

33 4 0
16 13
7 37 23 33 8
33
2 1
7
17 38 18 6 20 23 7 15
3 13 9 10 16
8 7 13 18
16 39 21 15 11 6
16 6
7 11
16 0
10 35 6 9
23 10 18
13 40 15
38 1
6 5
10 7
15
6 7 33


39 1 7
18 6


7 11 38
1 8 11 38
10
2 0 1 9
1 11
1 11 35 6
10 9 13

37
7 1 4
1
10 11 40 33

7 36 10
11
38 9 1 10 2
6 18
17 38 18
6 16
11 38 35 36 3
15
11 15 6
6 13
9 38 11
33 10 18 9
9
8
6 13
8 15 7
19 38 1 6 2
6
9
8
6 33

2 8 35
16 13 20 8
1
11
1
38 6 7
10 35 11 37 5 1
6 9
33 1 11
23
38

11 1 36
10 38 23
15 38

10 1
11 3 17 38
9 11
37 15 0
5 7
10 36 9 23
1 11 13
11 10
23 37
8

2
7
11 7 6
39 2 1
10
2 9 1 5
6 4
4 15
13 11 20 10 9
37 11 15
10 36 9 40 1 13
1
5
15 36
8 35

0
16 6 13 15
2 40
6 7 35
18 36 10 39 38 11
7
39


15 9 11

6 21
8
7 10

4
6 33 22
36
6
15
6 33
1 6 7
11 7
10 11 7
16 8 7 23 9
10 13
9 37 36 8
39
6 16

10 0
9 10
6 11
4
3 23 15 33 36 11
38 10
11 6 7
0 1
11 36 6 7 15 1
15 8

9
23 3 9 2 1 6
11 37 15 23 13 16 35 10

20 5 38

36 10 2 33
23 9 1 10 13
6 1 7 38 11
6 21 13 10 16
5 11 21 0
23 8
10 9 1
6 37
6 36
38

20 6
38 7
5
6
13 33
1 2
6 11 12 7 3
8 7 9
21 23 6 16
6 7 15
10
4 3 35
1 2
40 2

7
39
10
35 11 9 15
6 3
6

6

11
9 10
6 7 11
2 1
11
38 10
6
4
6

7
11 1 20 6

40
37 6 36 3 16 15
16


6 23
8 40 5 1
40 23 11 6 7
36 10
5 21 7
7 6 38


9 36
36 15 33
2 9
15 10
3
6
1 2 8 4
1
6
16 11 17 15 9
1 20 3 13 23 17 4 0
15 10
40
7 11
7

23 35 40 36 6 19 11

19 40 22 17 10
6
2 16 1 11 17 40
10 1 35

38 13

15
10 8 19 9 11
8 9
20 5

33 1 9 3 2
11
10 12 9
15
4
0
6
11 2
18 11
36 23 11 40


13
38
1
10 37 20 11 16
1 40 2 11 20
20 11
11 10
11 21
8 5
1 3 0
20 38 11 0
37
6 40 10
20 8 36
11 38 6
6
6 20
18
23 18
9 36
6 33
1 37 3
33 1 3 6 39 17
1 10 7
3 4
5 9
6 17 5
3 36
1 6 3 33
7 8
10
38 20 11
38 7 35 16 1 2 11 6
16
39
9 11 17 38
13 6
16 10 11 33 13
6 13 7 38 11 21
6 3 39
7 15 13
11 36 15 12
6 1
13 38 10 7
23

6
38 11 23 1 15

6 1 40 7
11 1 6
8
11

1 6 11 23 35
22 38 9 40 33
8
8
40 1 11
13 11
1 6
11
10 35
8 9 23 7
9
9 33 36
6 37
9 33 7
8
38
7 8 22
7 9 8


6 9
11 8

39 38 10
6
6
35 6 33


13 1 6
1
40 3 6 39
36 6 35 19
7 9
13 10

6
6 23
9 1
6

10 20
7 10 38
9 8

1 2
