3 38 15 36 6 40
6 23
3 10
3
6 3 13
9 10 3 35 7
19 8 18
3 13 1 36
4 3 1 11 6
16 6
11 3 13
13 10 15 3
6 40 3
9 15 35 16 8 3
8 3
16 23
3 2 16 11
36 3 13
16 20 15 3
3 15 11 7 38
23 11 7 6
20 9 3
21 10 7
9 1 23
15 37 35 11
1 6 2
3
10 3
3 7 8 17 6
8 9 11 33
3 1 10 36 0
40 11 1
16 5 19 3 33 18 10
36 4 3 13
10
3
38 6
3 2 1
3
2 1 3 8
3 6 9 38
3 11
3 16
18 11
3 6
38 40 3 6 11
3 6 13
11 3

38 3
39 2 6 38 7 3
39 10
7 22 35 36 16 3 18
3 17
6 3 35 11 20 16 37 36

15 10 16 4 3 9 2
3 6 13
3
4 8 36 3
3 6 11
6 3
5 3
10 3 5 1
11 38 6 7
1 3
36 9 1 39 2 3
3
8

20 8
40 15 6
1 10 3
3 6
3 6 11 15
39 10 13 3

6 1 2 3
11 3
36 21
3 7 33
3
3 6 11
33 20 16 1 6
10 23
1 3
9 11 38
35 10 3 1
2 6 3
20 33 38
3 35 4 20 33 15
9 22
15 13 33 3
23 18 33 3 16 6
10 38 3 11
0 15 10 16 40
13 40 11 19

8
38 6 11
6 7 3
1 3
3
4 11

11 4 13 3
3 0
3
35 11 37 13 8
3 6
8 7
6 23 13 11 7
7 38 11 9

38 15
6 1 3 13
9 5 3
38 3 18
23 11
10
15
6 11 3 20 5 23 22 1
4 20 6 3
3 11
3
6 21
3 6 7 11
3
0 3
37 7 40

6 3
38 7 6 33

3 2
22 11 8
6 3 7
17 15
36 15 35 37

3
21 8 15 10 11 38
15 5 3 11
3
3 9 7
0 10 3
3 9
37 23 11 7 10
3 11 35
1 3 6 7 11 38 2
3
17 22 3 20
8 9 13 16 3 15
13 7 18 8
18 7 17 5
35 40 6 38 1 7
7 6 3
1 6 7 3 13
11 6
3 13
40 13 19
5 7 21 8 3 1
1 20 4
1
1
6 11 3
3 8 17 16
1 23 6
4 11 1 2 38 3
20

7 11 17 3
19 7 38
18 3 1
37 11
2 1 0 3
3 1
1
9 11
11 3

3 1 11
35 23 16 11 5 1 10 3
40 10 33
38
36 8
11
1 38 2 3
38 10 1
17 9 7 38 8 16
20 35 1
38 10 23 3
6 11 37 13
3
3 13 35
6 7 3
7 8
11 3 6 23 22 33
16 3 18
6
20 3
3 5 1 2
20 11 3 23
3
8
13 37 6 16 19 7 3
37 3 7
3 1
16 20 13
11 3 23 6 1
3 11
1
35 1 36 38 6
5 3 2 4
7 3
0 3 6
6 13 15
21 35 3 10 15
13
13 1 3
23 38 10
6 3
7 20 21 6 3
1 3 10 9 35
3 6 16
3
33 1 10 3 4 13
3 4 6
3
1 7 3 6 13 11

20 3
37 23 1 15 8 18
20 8 11 3 40
3 17 13 2
7 10
5 9 11 3
3 2 1
3 10
3 6 11 4 1 2
3 10 5
35 15 6 37 3
13 10 20 11 9
3 37
6 3 21
2 3 8 7
8 4 1
10 3 9 15
10 13 40 39

3
3
2 20 5 10 3 40
35 5 40 3 6
18 8 36
33 3
8 3
8 40 1
3
11 7 3
3 10
9 38 10 5
8
10 37 9 3

3 6 15 5
7 16 3 6
36
13 6 3
3
3 9
3 35 1 10
7
7 15 10 11
3 2 7 23
13 10
9 35 8
10 6 9 40
3
3
6 1 3 8
9 10
3 38 6 7
5 20 10 3 7
5 6 7 3
11 3 36 6
8 7 3
6 35 16 0 37 3 7 40 1 38 36
39 11 1 3 23
7 3
3 38 7 9 11
1
1 15 3 2 6 16
33 23 37 35 10 16
3 1 11 5 23
23 7 4 3 15 8
6 3
0 10 9
37 11 3 1
4 1 6
4 17 15 8
20 3 4 0
11 9 3
20 3 35
3
10 3 23

1
15 10 35
7 39 15
18 4 15 13
6 3
9 36 10
1 11 39 3 2
6 7 16 11 3
7 8 9
6 20 3
7 38 3
10
3 37
2 3
2 1
10 3 19
20 38 3 5
39
3 6
36 7 10
15 3 4 9
3 11 6

6 35 1
6
11
7 3 6
20 11 3
15 2 1 3
11
10 38
11
3 8 7
39
1
6 3
33 13 1 3 6
3
3
6 3
16
18 20 10 3

1 11
3 4 1 7 15 10 16 6
11 40 23 3
35
13 3 9 4
3
3 17 13

3 9 10
3 11 9
1 3
3
3
11 39 13 16 3
7 2 3 1
3
3 6
16 17 9
0 1 3 13
17 22 6 3
40
8 4 9
33 3

3 22
6 3
17 40 19 22 10
3 7
18 16 10 1 2 35 3 36
20 6 23 3 1 39
1
1 38 11 7

15
11 20 8 10 16
9 8
3 11 4
3 6
3 40 1 2
3 35 37 8
16 10 9

3
3 6 15
6 1 38
0
15

7 3 10

5 1 9 11
11 3 7
1 3 9
23 37 20 10 16 11
0 2 3
10 3 17 16
11 10
16 3 40 6
3 4
3 2 35 1
9 13 3 1
3 33
4 3 6 9
8 36 20
38 3

11 20
16 3
23 18 11
36 9 10
3
1 37 3
5 13 7 33 1 3
1 3
10 9 1
6 37 3 18 4 7
23 3 4 6
3 6 38
6 15 3 7 1
11 7
11
38 20
7 5 3 1 2 6

11
7 35 10 9
3
17 35 3 11 8
13 10 39 3 16
1 13
3 10 17 23
33 36
38 3 1
38 7 13
23 10
8 23 1 40
37 6 33 7 3 35
1 5 33 3 36
6 3
7 4 8 11
18 33 3 1
3 35
38 3 9 11 7
7 8 1
7 3 39 4 1
15 40 6 3 17 38 11
8
8
3
23 11 3
15 10 3 33
10 11
1
23 7 9 8
3 7
7 6 11
38 3
3 7
11
3 1
19 40 1
8 7 9
3 38

3 6 7
8
10 3 36 17 9
38 10
1 15
7 15 40 1 6
0
37 3 13

1 11 6 7 3
3 1 10 7
18 10 3 38
3 9 11 23
9 7

3 20 18
10 15 3
3
3
3 8 37
15 35
6 16
11 3
8 9
1 38 16
3 6 2 15 1
6 36 3 38 40
23 33 10
6 3
10 3
3 6
7 3 35 6
8 19 18 20
35 36 13 3 15 1
11 7 4 3 1 6
6 16
13 3
3 11 15 13
40 3
17 6 3
15 8 1
38 16 23
3 16 11 2
36 10 3 13
3 16 20
7 38 3 10
15 7 6
9 3 20
7 21 11
23 3 9 11
35 15 37
2 8 3
3
3
7 3 6 17
9 10 33
1 10 0 36 11 3
33 40 3 17
3 10 16 19 18
36 15 13 4 3 1
10
3
6
2 1 3
3
10 1 2 3
3 9 10 38
3 11
18 10 3
18 10
3 6
40 38 10 3
3 13
3

3 11
3 38 7 1 6
39
8 22 16 18 7 36 3
15 3 11 17
6 20 35 3 36 37 10 7 16
33
16 4 2 6 33 3
6 13 3
3
33 36 4 3
11 3 9 7
6 3
3 5
1 5 10 3
6 11 7 38
1 3
36 10 1 3 2 39 9
1
8

20 8
15 11 38 40
1 3 11
15 6 3
6 3
13 3 39
10
2 9 1 3
3
21 36
6 3 7
3
10 11 3 6 7
20 3 16 8 33
23 11
3 2
9
1 35 8 3
2 3
33 38 20
33 20 4 3 11
22 8 9
11 3 13
18 3 23 6 16
38 3 11 6
16 20 6 11 40 3
11 23 40 13
8
8
6 38
3 7 10
1 3
3
4 11
10
13 4 3
6 3 1
3
36 13 6 37
3 6
7 8
6 13 7 23
40 7 9 39 38
16
11 15 40 38
6 11 3 13 1
6 3 5
3 18 38 6
23
10

22 1 10 3 20 5 23
3 6 4
3 11
1
21 6
6 11 3 7
1
3 0
40 37 7

10 3
33 7 38
11
2 6 1
22 8
6 3
17
36 15 35 37
8
1
8 21
3 5 23
3
9 7 3
3 0
9 3
7 8 11 37
35 10 3
6 38 7 3 1 2
3
3 20 22 17
10 9 13 16 3
8 7 13 18
17 5 7 18
7 35 1 6 40 38
6 3 7
35 0 13 3
11 6
1 6
40 23 11
5 21 3 6 7 1
11 19 4 3
3
1
6 3
3 6 17
1 23 6
3 2 11 1 4
20
15 11
6 3 7 17
38 7 15
1 3 18
11
2 7 3 1
1 3
1
9 11
6 11 3

3 1
3 16 1 5 11 23 35 10
10 11 40
38
36 11
11 6
2 1 40 6 11 3
1 8
16
35 3 20
3 23 38
37 13 6
3
3 11 35
3 10 9 7
7 6
23 3 6 22
18 3
6 13
20 3
5 1 3 2
20 3 23
3
11
13 3 37 16 7 20
6 7 3 35
2 1
8 20 16 13
6 3 23 1
11 3
3
3 36 35 38
6 5 2 4 15 3
7 3
0 3
8 13 6
3 35
13
15 22 0 3
23 10
6 3
6 20 3 21
3 35 0
3 6 15
3
1 38 33 13 3 4
3 6 4
3
6 10 13 3 1

20 3
3 37 10 18 15 6 23
38 40 19 8 11 3 21
2 17 3 6
7
9 3 5 10
3 2 1
3 8
3 10 2 4 0 1
5 1 10 3
6 3 1 37
13 10 20 9
3 37
10 3 21 9
1 7 3
4 8 3
6 3
39 13 40 10

8 3
3
3 40 11 20 2 5
3 40 35 5
36 10 38 11 18
3
3
3 40 6
3
7 3 11
3 10
9 38 10 5 16
8
10 9 37 3

21 6 15 3 5
16 6 3 7
36
13 6 1
3
6 3
35 10 1 3
11 7
11 10 7
7 23 2 3
8 13
8 37 36 11
40 5 6
3
3
10 1 3
9 10
3 38 7 6
3 7 20 10 5
3 6 5 7
1 10 36
6 3 7
35 1 16 6 37 40 3 13 7
1 23 11 3 39
6 3
1 9 11 7 38
3
1 11 15 2 3 16
10 16 23 35 11 37 13
23 1 11 5 3
7 3 19 23
3
9 0 11 33
1 11 2 37 3
4 1 6
8 15 4 16 17
20 0 3 4 35
9 3
20 3 35
3 38
3 23

1
35 1 10
39 7
18 4 16
3 6
10 9 36
3 1 2 39 15 10
7 6 11 10 3 16
8 9 7
22 3 6
8 7 3
6
33 37 6 3
1 3
1 2
3 19
3 38 5 20
39
3 6
36 7 10
9 1 3
3 6

8 1

11
35 6 3 7
11 3 20 6
1 10 2 3
33
10 38

7 33 3
39 11
1 10 38
33 3 6
13 1 6 3 15
3
3 6
6 3
16
35 18 20 3

3 11 6
3 6 10 16 4 1 7
11 3 40 23
15 35
4 9 13 3
3
11 17 3 13

3 9 8
3 9 10
1 3
3
3
3 16 13 39 15
1 7 2 3
3
3 10
11 9 17
13 1 0 3
6 3 22 17
40
6 3
3 33

22 3
3 6
40 22 17 8
7 3
8 35 36 16 18 3 1 2
6 1 3 39 20 23
3
1 38 7


19 11 8
9
3 4
3 6
40 11 3 1 2
3 35 37 10
11 16 9

3
3 6
3 6 38
2 3
5

7 8 3

9 3 5
7 3 10
3 4 1 9 11
11 20 16 8 10 23 37
2 3 1
17 3 16
10
11 10 16 6 40 3
1 4 11
1 37 3
6 3 1 33
33 3
6 3 7 9 4
36 20 35 8
38 3

20
16 6 3 11
15 18
36 9 10
3
1 3 37
5 13 7 1 11 3
3 1
9 10 1
3 4 7 11 18 37
23 4 3 6
6 3 8
3 6 7 15 1
7 8

20 38 11
3 2 5 7 1 6

11
10 8 7 35
1
9 3 11 35 8 17
3 13 16 39
3 8 13
6 3 23 17 11
15 33 36
3 38 6 1
8 7 13
10 16 23
38 40 23 3
8 35 3 33 7
1 33 36 3 5 35
3 6
7 4 6
6 18 4 3
3
3 38 9 7
1 7 11
4 1 7 3 39
40 6 17 11 3 38
11
8
3
3 23
3 11
11 10
1
23 7 9 8
7 3
6 7
3 13 38
3 7
10
3
3 40
7 8
38 3

5 6 7 3
11 10 8
17 11 3 36 6
10 38 39
1 15
6 1 40 7
3 9 10
13 37 3

0 38 11 7 3
10 3 7 1
10 38 9 3 18
23 9 3 11
9 7
33
3 20 18
1 10 8
33 1
3 35
3 35
35 15
6 16
10 1
9 8
6 3 16 38
2 3 10
