27 7
27 6 23
6 11 35 39 27 18
15 33 38 27 39
27 10
10 27 9
15 19 27 18 8
21 27 10 3 15 1
4 27 15 1 17
27 16 6
27 7 13
9 27 22 11
16 27 10
15 27 6 8 16
7 27 11
18 27 23
15 27 1 2
9 17 27
6 27 16
6 13 27 15
7 27 6 15
27 39 6
27 21 7
19 6 27
37 27 35
27 10 2
9 27
27 6
8 17 27
33 9 27 8
27 0
27 6 38 11 19
27 6 23
3 27 1
27 10
27
27
2 1 27
27 7 11
6 1 40 27 15 3 2
6 38 27
27 7 33
17 6 27 36
15 27 6 13
36 27 10
40 6 4 27 38 11
18 27 17
27 6
27 12
11 27 9 38
27 2
11 27 39
4 20 23 22 6 27
27 35 38 15
10 11 38 20 27
27
11 7 6 27 2 15
16 6 27
10 27 33 7
10 5 27
11 7 27
0 27 13
27
27 1 8
27 15 6
27 10 1 3
27 2
27 35 6
27 8
27
20 8 27
27 33
1 11 27 22
33 27
27 3 6
10 27 6
8 27
2 1 7 27
27
27 20 13 23 6
27 33 15 7
11 27 39 18
27 8
18 6 27
27 10 23
1 27 33
27 39
20 27 6 11 1 33
27 4 7 33 2
33 20 27 38
27 5 13 23 7
27 8 22 9
6 27
27
4 6 27
35 27 33
27 40 13
8 27
27 8
6 27
6 36 27
11 15 27 1
3 27
27 11 38 21 6 39 16
27
27 16
1 6 27 7
39 9 38 27 11 8
11 33 6 10 27 40 23
27 10
10 27 7
11 16 33 6 27
40 9 39 27 7 38 11
27
27
11 38 1 16 27
27 13
27 8 6 33 22
23 11 27
10 27
27
13 37 20 27 6 1 18
13 6 27
6 27
27 6
27 23
27
27
1 9 27
7 10 37 40 27
27
27
10 27 37 9
27
2 27
27 10 22 11
23 27 6 7 33
8 17 27
36 23 35 27 37 11
27 8
27 36 37
27 21 10 38 11
7 27 11 8
1 10 27
27
4 27 0
27 15 16
7 11 23 27 33 37 8
23 27 15
27 2 1
27 7
23 7 15 16 6 27 38 18 20
3 27 16 10 9 13
8 27 7 13 18
6 27 21 39
16 6 27
7 11 27
27 16 0
35 6 27
23 10 18 27
40 19 27 13
1 38 16 27
6 27 5
27 33 7
27
7 27 33
27
27
2 39 1 6 27
18 27 6
27
27
7 38 11 27
1 27 11 38 8
37 27 11
1 10 27 9 2
27 1
1 10 6 27 35
11 27 9
27
37 27
4 1 27 7
3 1 27
10 11 40 27
27
8 36 27 7
27 10
1 2 6 27 38
6 27 18
27 16 7 9 17 38 11 8
27 18 6 15
36 38 33 1 27 35 3
8 15 27
27 15
27 11 13 6
27 38 11 9
9 18 27 33
11 9 27
27 6
6 13 27
10 27 7
1 2 19 6 27
27 6
6 27
27 8
27 6
27
1 35 6 27
8 16 13 27 20
27 1
11 27
27 3
27 11 6 38
27 2 36 5 37 11
6 27
27 11 33 1
23 27
27 10 40
27
27 1 15 36 11
23 27 10
27 38 11 19
27
1 27
38 3 27 17
27 6
15 5 0 37 27 1
7 5 27 6
27 36 15
13 27 11 1
11 27
23 37 27
11 27 10
27
2 27
7 27
7 27 11 6 13
2 39 27 11 1
27
2 5 9 8 1 27
11 27 3 6
4 11 27
11 20 10 9 27
27 6 37
40 9 36 27 10 13
27 1 9
27 5
27 36 15
8 27
27
3 27
15 6 27 13
40 27 2
13 27 7 35
38 11 36 10 18 27 40
27 7
27
15 10 27
27
27 6
27
27 21 6
8 27
27 6 7
27
4 27
6 27 22
36 27
6 27
27 11 15
27 10 33
27 7 6 1
11 7 27
7 27 11 10
27 16 6 23 7
10 13 27
35 11 9 27
27 10 39 15
16 13 6 27
27
27 0 10
27 9 10
27 11 6
27 4
15 33 36 27 11 3 23
27 38
7 27 9 10
18 27 1 10
36 11 1 6 27
27 6
27
9 27
23 27 2 6 1 16 3
10 27 16 15 35 23 13 37
27 3
27 11 3
27 11
33 36 2 11 27
9 23 27 1 13
1 6 11 38 27 7
27 8 21 16 13
0 16 5 11 21 27
23 11 27
11 1 6 27
37 27
36 27 6
38 27
27
20 6 27
15 7 27 39
27 5
27 6
27 33 13
2 1 27
7 10 16 6 27 3
7 9 8 27
21 6 27 16 23
27 6 15 7
27
27 35 4 3
27 2 1
11 40 27 2
27
7 27 6 15
39 27
11 27
11 35 27 9
33 9 3 10 27
27 6
27
9 27 8
27
33 11 27
11 27 9
27 10 7
27 1 2 10
27 11
27 10 38
27 6
4 27
27 6
27
27 7
6 1 27
27
40 27
36 4 37 27 11 17
27 16 8
27
27
6 23 27
6 11 5 27 40 1
7 6 11 23 40 27
10 27
5 7 27 21
27 7 9 38
27
27
27 36 9
36 27 10 33
27 9 2
15 27
27 3
6 23 27
1 6 4 27 2
1 27
6 27
9 27 17
13 20 27 1 17 3 6 4 23
11 27 15
27 40
7 27 11
7 27
27
40 6 35 19 11 27 36
27
40 22 8 17 27 19
6 27
1 17 40 27 16 11 2
1 27 6 35
27
27 13 8
27
27
20 8 10 16 27
27 8 9
20 27 5
27
27 2 9 10 1
27 6
9 10 27 16
15 27
4 27
27
27 6
27 2
27 15 18
23 40 11 0 38 27 36
1 27
27
27 11 13
38 27
1 27
16 20 37 27 11 15
1 40 2 27 20 11
21 27 20
27 10
11 27 21
5 27 6
27 1 3
11 10 27 20 15 1
37 27
40 6 27
8 20 27 36
8 27
27 6
27 6 20
27 10 18
15 18 27 6
36 9 27 10
6 11 27
37 1 27
1 27 38 17 11
27 11 1 7
27 3
9 10 5 27 11
5 6 27 17
27 36 3
33 3 8 27 1
7 27 11
10 27
27 11 20 38
6 2 7 27 16 38 1 35
16 27
27 39
11 9 27 17 38
27 8 13
13 15 27 10
38 21 7 6 11 13 27
3 38 39 27 11
7 27 6
27 36 11
38 1 27
13 38 7 27 8
27 19
27
6 27
38 1 23 15 27 10
27
27 40 1 11 7
1 27 6
6 8 27
27
27
11 35 23 1 27
40 38 22 9 33 10 27
27 8
27 10
11 40 1 27
13 11 27
9 3 27
27 11
27 35 10
7 35 9 23 27
27 9
27 36 9 33
6 37 27
6 33 7 27
8 27
27 38
27 6 7 15
11 15 27 7 9
27
27
27 6
27 15 8
10 27 38 16
38 27 10 39
27 8
27 6
35 19 6 27
27
27
38 27 13 1
27 11 1
27 39 40 3
36 27 35
9 7 27
27 15 13 33
27
6 27
27 23
3 6 27
6 15 27
27 35
11 20 27
27 7 38 11
9 27
27
1 2 27
7 27
27 10 23
27 15 6 11 39 18
11 15 38 27
33 27 10
27 10 9
27 18 20 19 8
8 27 1 21
17 1 27 5 4
15 6 27 16
27 7 13
20 6 27
16 27 10
15 6 16 27
11 7 27
27 16 23
27 2
27 9 17
18 16 27 8
27 8
7 6 19 27
6 39 27
21 11 27 7
19 27 38 13
27 11 15 37 35
27 2
27 6
27 6
17 8 27
10 33 9 27
0 27 35
19 27 6
27 33 6 23
27 1 5
10 27
27
27
27 0 2
7 6 27
23 2 15 11 1 27 19 40 6
33 6 27 39
7 27 11
36 8 27 17
8 27
27 36
6 27 4 40 38
17 18 27
6 27
27
11 9 27 10
27 1
10 39 27
4 27 23 20 22 6
35 38 27
20 11 27 6
27
27 2 6 7 11
8 27
27 10 7
27 1 10
7 10 27
27 13 0
27
8 38 1 27
15 23 27 6
1 27 10 3
27 2
35 27
8 27
27
27 8 20
10 11 27
22 27 1
35 27 33
27 1 10
6 27 10 9
8 27
7 27 2 1
27
20 23 27 6 8 13
7 27 15 33
27 39 18 6
27 6
9 6 16 27
23 27 11
27 2 6
27 39
20 33 27 6 11 1
4 27 2 7 11
38 15 27 11
8 7 23 27 5
22 8 9 27
38 27
27 10
3 27 6 15
11 35 13 27
23 40 13 27
27 8
8 10 27
6 27
6 11 36 27
27 1 15
27 3 6
11 27 21 15 39 16 6
27
16 6 27
1 7 27
8 27 38 9 39 11
27 23 33 6 40 19 11
27
7 27
27 16 6 11
11 38 7 9 27
27
27
38 27 16 1
27 13
27 6 22
23 27 11
10 27
27 15
20 13 6 27 18 37 1
13 9 8 27
6 27 11
8 27
27 23
27
27
27 11 1 6
27 7 40 37
27
27
10 37 27 9
27
27 2
27 8 22
9 7 33 23 27
15 17 27
35 11 37 23 27 36
27
27 36 37
27 10 21 11 38
27 11 0 9
1 27 10
27
27 33 0 4
13 16 27
27 7 37 8 33 23
27 33
27 2 1
27 7
38 6 18 23 27 7 17 15 20
9 3 27 13 10 16
27 18 13 8 7
27 6 21 11 15 16 39
6 27 16
7 11 27
27 16 0
10 6 27 9 35
27 10 23 18
27 15 13 40
1 38 27
5 27 6
27 7 10
27 15
6 33 7 27
27
27
27 7 39 1
6 18 27
27
27
11 7 27 38
11 38 27 8 1
27 10
1 0 9 27 2
11 27 1
6 11 27 35 1
10 13 27 9
27
27 37
7 1 27 4
27 1
10 27 40 33 11
27
10 7 27 36
11 27
10 27 2 9 38 1
27 18 6
18 38 17 27
16 6 27
36 11 3 38 27 35
15 27
11 6 27 15
13 6 27
27 11 9 38
9 27 10 33 18
27 9
8 27
13 27 6
27 15 7 8
27 19 6 2 1 38
6 27
27 9
8 27
6 27 33
27
27 8 35 2
13 16 8 20 27
1 27
27 11
27 1
27 38 6 7
11 10 35 27 1 5 37
9 27 6
11 27 33 1
23 27
27 38
27
36 27 11 1
27 38 10 23
38 15 27
27
1 27 10
38 27 3 11 17
9 27 11
15 27 0 37
5 27 7
9 27 36 23 10
1 11 13 27
10 11 27
37 23 27
27 8
27
27 2
7 27
27 7 11 6
39 1 2 27
27 10
1 9 5 27 2
4 27 6
4 15 27
11 27 20 13 9 10
27 15 11 37
36 10 9 1 27 40 13
27 1
5 27
36 27 15
35 27 8
27
0 27
13 27 16 6 15
40 27 2
27 6 7 35
18 11 36 39 38 10 27
27 7
39 27
27
27
15 9 11 27
27
6 27 21
27 8
10 27 7
27
4 27
22 6 27 33
27 36
27 6
15 27
33 6 27
7 1 6 27
27 7 11
11 7 10 27
27 16 7 8 9 23
10 27 13
9 36 37 27 8
39 27
16 6 27
27
10 0 27
27 10 9
6 27 11
4 27
11 27 33 23 15 36 3
10 38 27
11 7 6 27
1 0 27
27 7 36 6 15 1 11
8 15 27
27
9 27
3 9 27 23 6 1 2
11 35 13 15 27 10 16 23 37
27
38 5 20 27
27
33 27 2 36 10
1 23 27 13 9 10
11 38 7 1 27 6
27 21 10 16 13 6
0 21 27 11 5
27 23 8
10 1 27 9
37 6 27
6 36 27
27 38
27
27 20 6
27 38 7
27 5
6 27
27 33 13
27 1 2
7 3 27 11 6 12
7 9 8 27
21 27 6 23 16
6 27 7 15
10 27
4 27 35 3
27 2 1
40 27 2
27
7 27
27 39
27 10
27 9 35 15 11
6 3 27
6 27
27
27 6
27
11 27
9 10 27
27 7 6 11
2 1 27
11 27
38 10 27
6 27
27 4
6 27
27
7 27
20 27 1 6 11
27
27 40
37 27 36 6 3 15 16
16 27
27
27
23 27 6
27 40 1 5 8
11 27 40 23 7 6
10 27 36
5 21 7 27
38 27 6 7
27
27
36 9 27
36 15 33 27
9 27 2
15 10 27
3 27
27 6
2 8 4 1 27
27 1
27 6
11 15 17 9 16 27
20 23 1 13 3 17 0 27 4
10 15 27
27 40
27 7 11
27 7
27
35 36 6 19 27 11 40 23
27
27 22 19 17 40 10
27 6
16 2 27 40 11 17 1
35 10 27 1
27
27 38 13
27
27 15
8 9 19 27 10 11
9 27 8
5 27 20
27
9 1 33 27 2 3
11 27
12 27 10 9
27 15
27 4
0 27
27 6
2 27 11
18 11 27
36 23 40 27 11
27
27
27 13
27 38
27 1
27 20 10 16 11 37
11 27 2 1 20 40
11 20 27
27 10 11
21 11 27
5 8 27
27 3 1 0
20 11 38 27 0
27 37
40 10 6 27
27 8 20 36
38 11 6 27
27 6
6 20 27
27 18
18 27 23
36 9 27
33 27 6
27 1 37 3
39 6 17 27 33 3 1
1 7 27 10
4 3 27
5 9 27
17 6 27 5
3 36 27
33 3 27 6 1
7 8 27
10 27
20 27 11 38
38 7 35 16 27 11 2 6 1
16 27
39 27
11 17 9 27 38
13 6 27
13 27 11 10 33 16
11 6 13 27 38 7 21
6 27 39 3
13 7 27 15
36 11 27 12 15
27 1 6
10 13 27 7 38
27 23
27
6 27
23 15 11 38 1 27
27
6 27 40 1 7
11 27 6 1
27 8
11 27
27
23 35 1 6 27 11
27 33 9 22 40 38
8 27
27 8
40 27 11 1
11 27 13
1 6 27
27 11
27 10 35
27 23 7 8 9
9 27
36 9 27 33
27 6 37
33 27 7 9
27 8
38 27
8 22 27 7
7 9 8 27
27
27
27 9 6
27 11 8
27
10 38 27 39
27 6
6 27
33 27 35 6
27
27
6 1 13 27
1 27
3 27 39 6 40
35 19 6 27 36
9 7 27
27 10 13
27
6 27
27 23 6
27 9 1
6 27
27
20 10 27
7 27 38 10
27 8 9
27
1 2 27
