7
8 16 19 17 39
40 20 6 15 35
36 15
37
15 9 10 38
17 16
39 40 1 11 10 3
5 23 1 4
6 10
6 13 23 7
15 6
38 11 39 37 16
19 6 16 20
6 15 7
11 17 15 38 20
10 15 2 38
9 39 17 16 6
15 20 8
15 6 13 11
18 15 6 35 7
6 18 15
15 17 20 11 7
15 18
11 15 38 16
11 15 2
6 15
7
16 6 20 33 15
38 8 35 15 9 16 11
38 11 39 0
15 19 22 23
23 7 6 19
1 5 10
10


2 11 15 0
21 7 23 20
15 36 2 16 1 10 3
21 1 9 6
7 6 23 19
35 11
15 13
10
40 38 11 4
21 16
11 20 15
0
15 11 6 17
1
10 16
40 21 6 4 38 16 11
17 22 18 15 38
35 15 36 16 6 23
15 20 11
20 13 2 15 16 7 17
6 36 17 11
6 7
5 15 10
7 15
0
15 23
15 1 6
15 16
3 1 11
2
15
18 8

8 23 15
23 10
1 22 15
33 35
23 15 3
11 10 6 15
8 20
11 2 7 1 23 15
15 16 22
35 33 22 8
11 7 15
20 6 17
6 11
22 9 33 16 6
10
39 2 15
19
18 1 6 20 40 15 38 16
7 6 15 4 2
15
5 6 11 13 22 15
16 20 9
11
23 40 16 10
11 0 23 4 15
13 35 23 33
20 15 13 23 35 17

15 8 40 35 10
15 7 18
6 15 37
1 10 33
3 6
16 11 33 20 8 15

6 36
1 7
15 8 40 10
20 23 15 38 36 11 35 6 16 37

16 8 15 7
19 8 11 15
9 10 7
18

15 1 40 11 38 20
13 35 15
6 21 22 38
8 36
35 15 10
8 15 39
1 17 13 37 6
13 23 10 9 15
16 6 11 15
6
22

33 35
11 6 1 15
7 11
8 15

10 15 9

37 15 1
36 40 8 23 15
6 7
38 8 15 16 40
37 8 35 36
16 15
0 37 11 36
10 37 15
6 7
1 10 15
15 11 6
15 38 4 1 11
19 15 13 6
15 7 11 8
17
19 1
7
23 20 11 17 7 15 38
23 13 20 6 3 15
7 20 8 13 17
6 15 19 23 37
16
11 23 16 7 15
20 10 0 23
15 11 6
10 17 15
13 15 22
6 1
3 18 10
7 20 15 8
40 16
17 15 7 6


2 39 1 6
15 19
15 18

15 7
0 20
8 10 15 40
1 9 15 2
15 1
11 1 6
35 23 18 9 15 10

37
4 1 7
3 1
23 10 15 38 35 37

36 6 7 11
23 11
1 15 2 39 11 9
11 17 22 15
8 15
6 17 37 35
15 37 3 6 35
16 19 8

10 9 13 38
15 9 10 36 35
9
6 40
17 10 39 19
13 9 10
19 7
1 2 7 33
6 15 23 19 1
9 18 15 11
20 10
6 23 20 15

35 1
40 23 15 8 19
1
16 15 40
3
15 6 23 7
2 5 33
9 7
0 13
23 15 36
21 18 23 35 15

2 6
15
15 18
1
18 11 1 15 38 21
16 6 3 38
6 11
1 33 38 15 3 21
5 15 7 11 35
15 9 36 16 17 38 20
11 13 1
16 22 15 35 11 23

15 23 11 17 6 10 16

2
23 7 11 35
11 8 6 15
39 11 2 1
37 15
2 10 9 15 5 1
4 23 6
4 16 11 18
38 10 19 11 9 13 20
37 6
6 13 15 40 11
23 15 2 9
1 22
36
15 10

3
19 13 6 11
2 16 33
7 35 13 15
17 16 15 8
15 7
35 15
36 10

6
11 15
16 8 17
8 15
7 8

4
21 23 20 6
40 23 15
8
15
8 17 15
7 1 15 20
16 7
15 7 10 36
6 37 15 7
15 10 17 21 13
18 8 39 15 16

15 11 20 38

7 1 8
15 38 9
15 6
4
22 15 1 16 38
15 36 11
9 7
23 0 1 16
23 1 7
6

9
20 15 1 6 2 17 3
37 23 16 8 15 13
3
18 19 37 16 5 33 15 11
33 6
2 33
6 1 13
1 17 19 38 6 15 11
40 39 13 8 15 38 11 10
4 23 1 15 5
11
9 33 15 16
16 33 38
15
15 23

35
40
5
10
15 36 13
2 1
6 11 17 3 7 22 15
9 15 10 7
20 22
7 6 8
6
6 3 4 13 15
2
2

16 7 8 36

15 11
15 11 9
38 23 9 3 10
20 6

6

15
9 11
11 6 7
1 2 6
15
23 11 38
33
19 4
6
15
7
19 13 1 6 15
23 11 38
15
6 4 16
8 15


20 15
22 5 1 10
38 16 15 6 7
10 38
16 20 5 7 6
7 9 10
40 20 15
10
9 15 11
10 36
1 9
35 15 38 39
3
15 38
1 2 4 10
1
9 17 11 15
19 39 20 40 9
15 16 1 4 0 13 3
20 10 18 21 15
15
6 7
7 6 15

11 18 15 16 10
10
15 16 22 17
15 8
20 2 11 35 15 18 1
1 15

6 38 13

10 15
11 20 8
22 9 8 15 23
15 6 5
10
9 15 3 1 2
8 6
9 10 23
15
4

1 23 15
11 2
16 17 19
11 15 23 20

15
13 15 11
33 20
0
23 21 15 16 37 11 18
0 15 1
11 19 15 20
10 11 23 20 37
15 11
5 23 6 20
1 3 0
20 35 1 16 17
37
8 15 38 9
20 15 36 35
6 16 20 1
6
6 15
10 23 17
6 17
15 9 23 16
6
15 1 20 19
10 16 1 15
6 7 1 15 37
3 4
15 9 36 10 11 17 5
16 6 5 15 20
15 3
15 11 1 6 16
11 15 7

20 39 11 15 38
6 1 9 22 15 7 40

39
16 15 21 10 9
8 13
13 15 11
13 19 20 16 15 7
38 3 6 19
7 8
15 11 20
36 1 16 11
19 13
15 22
1
20 19 8
21 10 1 33
11
7 15 1
11 6 1
23 6
16 37

22 1 16 6 11
40 35 21 8 9 16 15
11
15
11 1 40
15 13
15 3 6 33

15 17
23 38 9 11 7
15 10 35 39 9
10 33 37 15 9
15 16 9
6 7 20
15 10
15
15 21 7 10 37
15 7 8 9 10


38 15 22 9 6 11
38 15 10
23 18
10
21 12
11 15 23 6 21
33

15 11 35
0 13
1 11
1 6 39 40
6 18 15
9 7
39 13

15
15
17 16 9 3 11
6 15
38 15
6
7 10 18
9 20

2 1
7
39 15 16 6 19 17
10 20 15 35 9 40
36 15 16 6
1 37 15 10
9 15 38 16 11
16 17 8
39 3 10 1
1 3 4
6 15
13 7 23
6 15
39 16 38 37 11
6 9 20
6 7
17 20 38
38 1 10
39 17 9 16 11
20 8 15
13 15 11 6
15 7 18 35 6
18 15 6
7 15 20 17
15 18
18 15 11
10 2 15
9 10 15
7
15 8 20 16
9 35 38 8 15 11
1 33 11 38 40
23 22 15 11 19
23 19 6
3 5
10 16


0 15 2
7 23 21 20
3 2 36 6 1 16 15 35
1 21 6 9
7 6 23
10 35 16
13
10 15
11 6 4 38 15
11 21 16
11 20
10
17 11 9 15
0
11 16 10
21 38 15 4 9 10 40
15 18 38 11 22 17
36 23 35 15 16 6
20 10
13 7 15 16 6 2 17 20
16 36 19 6
7 6 20
10 15 5
11 7 15 6
1
10 15 23
15 6 1
16 15
1 3
2

18 8

8 23
10 23
20 1 11 15
33 36
15 3
6 15 10 33
10 20
11 2 6 23 1 15
15 22
6 35 8 22
7 15 33
17 20
6 15
15 22 16 6
15 10
38 6 15 1
19
1 20 10 15 16 18 38 6 40
6 2 7 4
15
5 6 11 15 7 13 22
16 9 20

10 17 40 23
6 11 3 23
13 23 35 33
17 20 13 23
8
40 11 8 35 15
7 18 6 15
15 10 37
1 15 10
6 4
33 15 6 16 11 20
15
6 36
7 1
11 40 6
36 16 10 37 11 20 8 23 35 15

8 7 16 15
15 8 11
7 15 9 8
12 18

35 15 20 38 40 1 11
13 15 35
38 21 6 22 11
36 8
15 35 10
8 39 15
17 1 37 11
23 6 15 13
9 15 16
6
22

11 35
9 1 15
11 7
15 8

9 10
15
1 37 15
8 15 40 36
6 7
40 16 15 38
35 10 37 36
16 8
37 36
15 37 8
11 1 7 6
19 1 10 16
15 11
38 15 1 4
19 11 15
15 7 38 10 11
6 17
1 3
7
38 20 23 7 15
3 23 10 20 9 13
15 7 13 20 38 17 11
23 15 37 6 19
8
7 16 11 23
0 20 23 10
6
17 19
15 13 22
1 15 8
18 12 5
23 20 6
16 40
7 17 6 15

6
6 2 1 39
15
38 18 15

7
9 20 1
15 8 40
9 2 1
1
1 6 15
23 10 9 35 18

37
7 4 1
1 3
15 35 16 10 11 39 37 23

36 7 11 12
23
1 39 6 15 11 2
11 17 22
19
38 6 15 37 17
35 37 3 15 6
8 16
11
38 9 13
9 36
9 15
40 6 15
19 15 8 6 17
13 15 6 16 19
6 15 7 19
1 15 7 33 2
6 23
10 15 18 9
20 10
20 15 22 6 23

2 35
15 8 40
0
38 10 15 16
3
15 19 6
2 33 5
6
13 15 0
23 9 36 10 38
35 18 15 21

2 6
15 10
1 6 18

18 21 15 0 40 38
3 16 6
9 15
21 33 1 38 5
6 5 35 15 11 7
38 36 11 15 17 16
11 13 1
11 16 22 10 23 15 37

23 16 10 17 6 15

2
15 33 7 23 35
6 7 13 11
39 1 2
1 37 15
1 15 2 11 5 9
11 6 23 4
4 16 18 11
9 20 11 13 38 15 10
37
13 40 6 15
23 2 9 15
5 15 22
15 36
10 15

3
8 13
2 33
13 35 15 7
8 17 15
7
35
15 36 10

6
15
16 8
15 8
6 33 7

4
6 20 23 21 15
23 40
15 10

17 10
20 7 1 15
11 7
15 35 11 10 7
15 9 7 37 8
21 13 17 15 10
39 16 15 8 18
15
33 15 20 38 11

6 7 1
10 38 15 9
11 6
4
3 22 35 15 16
19 15 35
15 9 7
16 1 19 15
23 1 6
6

9
17 15 20 2 3 38 6 1
15 23 37 16 13
3
6 19 33 18 37 1 11
8 33 6
15 2 33
1 9 10
11 39 6 15 21 12 17 1
8 15 38 40 13 39
15 1 23 5
6
6 16 11 15
15 33 16 38
6
15 23

35
40 15 7
5
15 6
36 13 6 15
2 1
3 6 15 17 10 20 7
9 10 15 7
22 20 15
7 8
6
4 3 10 13
2
2

36 7 8 16


15 11
10 3 9 23
20 6

6
15
15
11 9
10 7
2 1 6
11 15
38 23

15 19 4
6

7
1 6 15 19
15 38 23
15
6 16 4
8 15


15 10 20
1 5 6 22
15 11 16 38 7
15 39
7 16 20 11 1
7 15 8 9
11 20 40 15
10
9 11
36
2 9
35 15 39 38 11
3
39 6
6 2 4 1
1
9 10 16
39 9 11 40 15 20
13 16 1 0 11 19 4 15 3
10 20 21 18
15
15 7 6
6 7

11 38 17 10 15 8 18
10
22 15 17 16
15 20 8
18 20 35 15 1 2
1 6

11 40 6 13

10 15
11 8 20 15
9 8 23 15 20
15 3 6

2 9 1 11 3
13
15 23 9

4

23 15 6 1
2
17 15
15 23 20 11

15
11 13
33 15 20
0
7 8 21 15 16 11 37 18
6 0 15 1
19 15 20 11
23 37 10 20
11 15
20 23 5 6 19
1 3 0
35 16 17 0
37
38 15 8
15 20 36 35
20 1 6
15 6
6 15
23 17 10
6 17
9 8 16
6 15
15 1 20 3 19
1 8 16
8 1 19 37 7
3
36 15 9 10 11 17 5
15 20 16 5 6
15 3
0 1 15
10 7 15
10
15 33 20 39 38
22 6 1 7 2 15
15
38 39
11 9 15 21 16
13 11 15
13 15 11
15 13 7 35 16 6 19 20
15 3 19 6 38
7 19 13
20 15
15 1 36 16
13
22

20 10 15
1 33 21 10
11
1 15 7
1 6
23 6
17 37

15 1 16 6 11 22
39 21 38 15 6 16 11 35 1 40
8
6
1 40 11
13 15 11
9 10 3
15
17 15
7 23 9 8
35 10 39 9
9 10 15 37
16 9 15
7 6 20
15 8

10 15 21 7 37
11 15 7 9 8


22 15 11 38 6 9
10 15 38
10 23 9 18
8
21 6
21 23 6
35 33

15 11 35
13 11 0
1 11
40 6 39 1
18 8 15
7 9
13 15 38

15

9 11 17 16 1
6
38 15
15 6
6 7 18
9 20

2 1
