15 36 6 27 40 3 38
27 6 23
3 10 27
3 27
3 13 27 6
7 35 9 10 27 3
18 8 19 27
1 27 36 13 3
3 11 6 1 4 27
27 6 16
27 13 3 11
13 3 10 27 15
6 3 27 40
8 16 35 9 15 3 27
27 8 3
23 16 27
27 11 2 3 16
3 13 27 36
16 15 27 20 3
27 7 38 11 15 3
27 23 11 6 7
20 27 3 9
10 21 7 27
9 23 1 27
35 37 15 11 27
1 27 2 6
3 27
3 27 10
8 27 7 6 3 17
9 33 27 11 8
10 0 1 3 36 27
40 1 27 11
10 5 19 3 33 18 27 16
36 4 27 13 3
27 10
3 27
27 6 38
3 2 1 27
3 27
2 1 8 3 27
38 9 27 6 3
3 11 27
27 3 16
11 18 27
6 3 27
3 40 27 11 38 6
3 27 13 6
3 11 27
27
27 3 38
6 27 2 3 38 39 7
39 27 10
22 7 36 16 18 3 35 27
27 3 17
20 37 3 27 6 16 11 35 36
27
15 9 10 16 2 27 3 4
27 3 6 13
27 3
27 3 8 36 4
6 27 3 11
27 6 3
27 3 5
27 10 3 5 1
11 7 38 27 6
1 3 27
36 1 2 3 39 9 27
27 3
8 27
27
20 8 27
40 15 6 27
27 3 1 10
3 27 6
15 3 11 27 6
3 39 10 27 13
27
6 1 2 27 3
27 3 11
21 36 27
27 7 3 33
27 3
6 3 11 27
6 27 1 33 16 20
23 10 27
1 27 3
27 11 38 9
27 1 3 10 35
2 3 6 27
20 33 38 27
33 15 3 20 35 4 27
27 9 22
15 27 3 13 33
3 18 33 23 16 6 27
11 3 38 10 27
27 40 0 15 10 16
11 40 27 19 13
27
8 27
27 6 11 38
7 6 3 27
1 27 3
27 3
4 27 11
27
3 27 11 4 13
0 27 3
27 3
11 27 35 37 13 8
27 3 6
8 7 27
6 13 27 23 11 7
9 38 11 7 27
27
27 38 15
3 27 6 1 13
3 27 9 5
38 27 18 3
27 23 11
10 27
15 27
27 11 3 20 5 23 22 1 6
27 6 4 3 20
27 11 3
27 3
21 6 27
3 11 6 7 27
3 27
3 27 0
37 7 27 40
27
27 3 6
33 27 38 6 7
27
27 3 2
8 27 11 22
6 3 27 7
17 27 15
27 15 37 35 36
27
27 3
27 11 38 21 8 15 10
27 5 15 11 3
27 3
7 9 3 27
3 0 27 10
27 9 3
10 7 23 37 27 11
27 3 11 35
3 2 7 1 38 6 27 11
3 27
27 17 3 20 22
8 13 15 27 9 3 16
27 13 7 8 18
18 7 27 17 5
35 6 1 27 40 38 7
7 3 27 6
27 13 6 3 7 1
11 6 27
3 27 13
19 40 13 27
8 5 27 7 1 3 21
1 27 20 4
1 27
1 27
6 3 11 27
27 16 17 8 3
1 6 23 27
27 11 4 38 1 2 3
20 27
27
11 17 7 27 3
27 7 19 38
3 1 27 18
37 27 11
3 0 2 1 27
1 27 3
1 27
27 11 9
27 11 3
27
3 1 11 27
11 3 5 23 1 35 10 16 27
40 27 10 33
38 27
36 8 27
11 27
27 3 2 1 38
27 10 38 1
16 8 38 27 9 7 17
1 27 35 20
23 10 27 3 38
13 6 27 11 37
3 27
3 13 35 27
3 7 6 27
27 7 8
23 27 11 3 33 22 6
16 27 3 18
27 6
3 27 20
5 2 3 1 27
3 11 27 20 23
3 27
8 27
3 7 6 19 16 27 13 37
37 7 3 27
1 3 27
13 20 27 16
11 3 23 6 1 27
27 3 11
27 1
36 38 6 27 1 35
4 5 2 27 3
3 7 27
0 3 27 6
13 27 6 15
27 21 35 3 15 10
13 27
27 1 3 13
23 38 27 10
3 6 27
27 21 7 3 20 6
27 3 10 1 35 9
3 16 6 27
27 3
4 13 3 33 10 27 1
4 3 27 6
27 3
7 11 1 6 27 3 13
27
3 20 27
37 15 18 1 8 27 23
11 8 20 27 3 40
13 3 2 17 27
7 27 10
11 9 27 3 5
3 2 1 27
27 3 10
2 3 27 6 4 1 11
27 10 5 3
27 15 37 35 6 3
11 27 9 10 13 20
27 3 37
3 6 21 27
7 8 3 2 27
4 8 27 1
10 9 3 27 15
13 39 27 10 40
27
27 3
27 3
20 5 3 10 2 27 40
35 5 6 3 40 27
8 18 36 27
27 33 3
3 27 8
40 8 27 1
3 27
27 11 3 7
27 3 10
38 27 5 9 10
27 8
27 10 3 37 9
27
3 15 6 27 5
16 27 3 7 6
27 36
6 3 27 13
3 27
27 9 3
3 27 35 10 1
7 27
15 11 27 7 10
7 3 27 23 2
10 13 27
8 9 35 27
27 6 40 9 10
3 27
27 3
27 3 1 8 6
10 9 27
6 38 7 27 3
5 7 3 20 27 10
3 5 7 27 6
36 11 3 27 6
7 3 8 27
3 27 38 35 37 7 0 36 6 16 40 1
3 27 23 11 39 1
27 7 3
27 9 38 11 3 7
27 1
27 1 3 15 2 16 6
23 16 37 35 33 10 27
3 1 5 27 23 11
15 23 3 4 8 27 7
27 6 3
10 27 9 0
1 27 11 37 3
1 4 6 27
17 8 4 15 27
27 20 0 4 3
9 11 27 3
35 27 3 20
27 3
3 10 27 23
27
1 27
15 35 27 10
27 15 39 7
27 15 13 4 18
6 27 3
27 9 36 10
11 3 1 27 2 39
6 3 11 27 16 7
9 27 8 7
3 20 27 6
38 7 27 3
27 10
37 3 27
27 3 2
27 2 1
19 27 3 10
38 3 5 27 20
39 27
6 3 27
27 10 36 7
15 3 27 9 4
6 3 27 11
27
1 35 6 27
27 6
11 27
6 3 27 7
11 3 27 20
15 27 2 3 1
27 11
38 27 10
27 11
7 8 3 27
39 27
27 1
6 27 3
3 1 6 27 33 13
3 27
3 27
27 3 6
16 27
3 27 18 20 10
27
27 1 11
15 10 16 6 27 3 4 1 7
3 40 27 23 11
35 27
9 13 27 3 4
3 27
17 3 13 27
27
10 27 3 9
3 9 27 11
1 3 27
3 27
3 27
11 39 3 27 16 13
2 7 1 27 3
27 3
27 6 3
17 27 9 16
13 0 27 1 3
3 27 6 17 22
27 40
8 9 4 27
33 3 27
27
3 27 22
3 27 6
19 10 27 22 40 17
7 3 27
10 1 16 27 35 36 2 3 18
1 6 3 27 20 23 39
1 27
7 1 27 11 38
27
27 15
11 10 20 8 27 16
9 8 27
3 4 27 11
27 6 3
27 2 1 40 3
27 8 3 37 35
27 9 16 10
27
27 3
6 15 27 3
27 1 38 6
27 0
15 27
27
10 27 7 3
27
27 5 11 9 1
3 7 11 27
1 3 27 9
11 27 23 20 37 16 10
3 2 27 0
16 17 27 3 10
27 11 10
16 3 6 40 27
4 27 3
3 27 2 1 35
13 1 9 3 27
33 3 27
3 27 6 4 9
27 8 20 36
27 38 3
27
20 11 27
27 16 3
18 23 27 11
36 9 27 10
27 3
3 37 27 1
1 33 27 3 5 13 7
27 3 1
9 27 10 1
27 4 6 37 18 7 3
23 3 6 27 4
27 6 3 38
27 6 3 7 15 1
7 27 11
27 11
27 38 20
1 7 2 27 5 3 6
27
11 27
27 35 10 7 9
27 3
27 8 11 3 35 17
16 3 13 27 39 10
27 13 1
17 23 27 10 3
33 36 27
1 38 3 27
13 7 27 38
27 10 23
1 40 27 8 23
3 37 6 27 35 7 33
33 1 27 3 5 36
6 3 27
27 11 4 7 8
1 18 33 27 3
27 3 35
11 7 38 9 3 27
27 8 1 7
39 1 3 27 4 7
38 3 40 17 6 15 27 11
27 8
8 27
3 27
23 27 11 3
15 3 33 27 10
11 10 27
27 1
8 7 23 9 27
27 3 7
27 11 7 6
38 3 27
3 7 27
27 11
27 3 1
1 27 19 40
7 8 27 9
27 3 38
27
6 7 3 27
8 27
17 3 10 9 36 27
10 38 27
15 27 1
6 27 40 1 7 15
0 27
3 27 13 37
27
1 11 3 7 6 27
10 1 3 7 27
3 18 10 38 27
3 11 27 23 9
27 9 7
27
18 3 20 27
27 3 15 10
27 3
27 3
27 8 37 3
35 15 27
27 16 6
3 27 11
27 9 8
1 38 27 16
27 3 1 15 2 6
38 27 40 36 3 6
23 33 27 10
27 6 3
3 10 27
27 3 6
7 35 3 27 6
27 18 19 8 20
36 15 35 3 1 13 27
4 6 1 27 3 7 11
6 27 16
27 3 13
3 27 13 15 11
3 27 40
3 27 6 17
8 1 27 15
16 23 27 38
16 11 2 3 27
13 27 3 10 36
20 16 3 27
27 10 7 3 38
7 27 15 6
20 3 9 27
7 27 21 11
9 27 11 3 23
35 37 27 15
2 3 8 27
27 3
27 3
7 3 27 17 6
10 9 27 33
1 10 0 11 3 36 27
40 3 17 27 33
18 27 16 10 19 3
3 15 27 36 1 4 13
27 10
3 27
6 27
2 1 27 3
3 27
2 1 10 27 3
9 27 10 38 3
27 3 11
27 3 18 10
18 27 10
3 6 27
27 3 10 38 40
13 27 3
27 3
27
3 11 27
3 38 7 1 6 27
39 27
16 3 22 27 7 18 8 36
11 3 17 27 15
37 10 6 35 3 36 27 20 7 16
27 33
33 6 4 16 3 27 2
27 3 6 13
3 27
36 33 27 3 4
3 27 7 9 11
6 27 3
3 27 5
27 3 1 10 5
38 11 7 27 6
27 3 1
27 2 3 10 39 1 9 36
1 27
8 27
27
20 8 27
15 27 40 11 38
11 3 1 27
3 27 6 15
6 27 3
3 27 13 39
27 10
2 3 1 9 27
3 27
36 27 21
3 7 6 27
27 3
3 7 27 11 10 6
33 27 16 8 3 20
27 23 11
2 3 27
27 9
27 1 35 8 3
27 3 2
27 20 33 38
3 11 4 20 33 27
8 9 27 22
3 11 13 27
16 6 27 3 18 23
27 6 38 11 3
11 6 27 3 20 16 40
23 11 13 27 40
27 8
8 27
38 27 6
3 7 27 10
27 3 1
3 27
11 4 27
27 10
13 3 4 27
27 6 1 3
3 27
36 27 37 6 13
6 3 27
8 7 27
6 23 27 13 7
27 38 40 9 39 7
16 27
27 40 15 11 38
3 6 11 27 13 1
27 6 5 3
3 6 27 38 18
23 27
27 10
27
22 1 10 27 3 20 5 23
4 6 3 27
11 27 3
1 27
21 27 6
7 27 6 3 11
1 27
27 3 0
27 37 7 40
27
27 10 3
38 33 27 7
27 11
1 2 6 27
8 27 22
3 27 6
27 17
36 27 35 15 37
8 27
1 27
27 21 8
3 27 5 23
27 3
9 27 3 7
27 3 0
9 3 27
37 11 7 27 8
10 35 3 27
6 27 38 1 2 3 7
27 3
20 27 22 3 17
9 27 16 13 3 10
8 27 13 7 18
5 7 17 18 27
1 7 40 6 38 27 35
6 27 7 3
27 3 0 13 35
27 11 6
27 6 1
11 40 23 27
6 27 5 21 7 1 3
27 3 19 11 4
27 3
1 27
3 6 27
17 6 3 27
6 27 23 1
2 27 4 11 3 1
27 20
11 15 27
17 27 3 7 6
38 15 27 7
18 3 27 1
11 27
2 27 3 7 1
1 27 3
27 1
9 11 27
11 6 3 27
27
3 1 27
35 10 16 1 27 11 3 5 23
10 40 27 11
38 27
27 36 11
6 11 27
2 40 27 1 3 11 6
1 27 8
16 27
3 27 35 20
27 38 23 3
13 6 27 37
3 27
27 11 3 35
10 27 3 9 7
7 27 6
22 6 3 23 27
18 3 27
27 13 6
27 20 3
27 1 2 3 5
20 3 23 27
3 27
11 27
7 20 16 37 3 27 13
3 27 35 6 7
2 1 27
8 27 13 16 20
6 3 23 27 1
27 11 3
27 3
36 3 38 35 27
4 5 2 15 27 6 3
3 7 27
27 3 0
27 8 6 13
3 35 27
27 13
0 3 27 22 15
23 10 27
3 6 27
6 27 20 3 21
3 35 27 0
3 6 15 27
27 3
3 33 4 27 1 13 38
4 27 6 3
27 3
6 27 10 3 13 1
27
27 20 3
18 23 6 10 15 37 3 27
40 21 8 11 27 38 19 3
17 2 3 27 6
7 27
3 5 9 27 10
2 3 27 1
8 3 27
4 1 3 27 0 2 10
1 27 3 5 10
37 1 3 27 6
20 27 13 10 9
3 37 27
3 27 9 21 10
1 3 27 7
3 8 27 4
3 27 6
27 39 13 10 40
27
8 27 3
27 3
11 27 40 2 3 20 5
35 5 40 3 27
36 27 18 11 38 10
27 3
3 27
27 6 3 40
3 27
11 7 27 3
10 27 3
9 10 16 27 38 5
27 8
9 27 10 3 37
27
15 3 6 21 27 5
16 6 7 3 27
27 36
1 27 13 6
3 27
27 6 3
27 3 1 10 35
7 11 27
11 27 10 7
23 27 7 3 2
8 13 27
11 27 36 37 8
27 40 5 6
3 27
3 27
3 1 27 10
10 9 27
38 27 3 7 6
3 10 20 27 5 7
3 7 27 6 5
36 10 1 27
27 3 7 6
7 35 1 40 16 6 27 37 3 13
27 1 11 23 39 3
3 27 6
7 38 11 9 1 27
3 27
15 1 16 2 11 27 3
35 11 37 23 27 10 16 13
11 3 5 1 27 23
3 27 19 23 7
27 3
11 33 27 9 0
2 1 3 11 37 27
1 27 6 4
17 16 27 8 4 15
35 4 3 0 27 20
9 3 27
27 35 20 3
38 3 27
23 3 27
27
1 27
35 1 10 27
7 27 39
16 27 18 4
27 6 3
36 9 10 27
39 2 27 1 3 10 15
16 27 6 3 7 11 10
27 9 7 8
6 22 27 3
7 27 8 3
6 27
6 33 37 3 27
1 3 27
27 1 2
3 19 27
20 5 3 27 38
27 39
3 27 6
7 36 27 10
3 27 9 1
27 6 3
27
8 27 1
27
27 11
6 7 3 27 35
3 20 11 6 27
3 1 27 2 10
27 33
27 10 38
27
33 7 3 27
27 39 11
10 38 27 1
3 27 6 33
15 13 27 3 1 6
3 27
27 6 3
27 3 6
16 27
35 20 27 3 18
27
11 6 27 3
7 4 16 1 27 3 10 6
40 27 11 23 3
15 35 27
9 4 13 27 3
3 27
17 27 3 11 13
27
27 9 3 8
27 3 9 10
1 27 3
27 3
3 27
15 3 16 39 13 27
2 7 3 27 1
27 3
3 27 10
17 9 11 27
0 1 13 27 3
6 22 27 17 3
27 40
6 27 3
3 33 27
27
27 3 22
3 6 27
22 17 40 8 27
3 7 27
27 3 35 16 18 8 1 36 2
6 3 39 23 1 27 20
3 27
1 27 7 38
27
27
11 8 19 27
27 9
27 4 3
27 3 6
27 40 3 1 2 11
3 35 37 10 27
27 9 16 11
27
27 3
27 3 6
6 3 27 38
3 2 27
5 27
27
3 8 27 7
27
27 3 5 9
10 3 7 27
9 1 27 11 3 4
10 16 11 37 27 20 23 8
1 27 3 2
27 17 16 3
10 27
11 3 27 40 10 16 6
1 27 4 11
1 3 37 27
1 3 27 6 33
33 27 3
4 9 7 3 6 27
27 8 20 36 35
27 3 38
27
27 20
3 11 6 16 27
18 15 27
10 27 36 9
27 3
37 3 27 1
13 5 1 3 27 11 7
27 3 1
10 27 9 1
11 7 18 27 37 4 3
27 6 23 3 4
8 27 6 3
7 27 6 1 3 15
27 8 7
27
38 27 11 20
3 7 27 2 5 1 6
27
27 11
27 7 35 10 8
1 27
11 35 3 17 9 27 8
39 16 3 13 27
27 8 3 13
17 6 11 3 27 23
15 27 36 33
38 3 6 1 27
7 13 8 27
23 27 16 10
23 27 40 38 3
8 3 35 33 7 27
1 3 27 35 5 36 33
6 27 3
27 4 6 7
4 3 27 6 18
27 3
3 38 9 7 27
11 27 1 7
4 1 3 39 27 7
27 40 17 11 6 3 38
27 11
27 8
3 27
3 23 27
11 27 3
27 10 11
27 1
23 7 9 27 8
7 3 27
6 7 27
38 27 13 3
27 7 3
10 27
3 27
3 40 27
8 7 27
38 27 3
27
5 7 6 27 3
11 27 8 10
27 36 17 6 3 11
38 10 39 27
1 15 27
1 7 27 40 6
9 10 3 27
27 37 3 13
27
27 3 7 0 38 11
27 7 3 10 1
9 10 27 3 38 18
3 9 23 27 11
27 7 9
33 27
3 18 20 27
8 10 27 1
1 27 33
3 27 35
27 3 35
35 27 15
27 6 16
1 27 10
27 8 9
27 3 16 6 38
3 10 2 27
