7 27
27 6 23
8 9 18 27 35 15
11 15 27
27
27 11 9
18 20 8 15 27 40
1 27 21
5 4 1 15 27 17
16 6 27
7 13 27
22 11 39 27 9
27 16
16 9 15 10 27
27 7
40 23 11 27
2 27
9 17 27
27 16 10 18
13 6 37 27 11
27 7 19 38 11
27 11 6
7 21 27 10
27 6 12
27 39
40 2 27
9 27
6 27 38 7
27 10 16 11
38 39 9 8 27
27 40 1
19 27 11 40 39
6 23 11 27 37
5 27 3
27 36 10
27
27
2 27 0
27 37 6 7
2 27 15 11 23 10 1
9 27 10
27 6 7
27 17
6 27 36
10 36 27
27 4 11
17 27 18
27
27
11 8 27
1 27
27 10
23 39 27 6 20 22 4
27 11 36
27 22 36 35 11 20
27 11
7 13 2 6 27
18 9 27 40 8
27 7 6
5 27
35 7 27
13 27
27 38
27 1 15
23 27
27 40 1 3 10
27 2
27
38 27 11
27
20 27
15 27
35 1 38 22 27
36 27 33
35 6 27 3
8 27 37
10 27
27 6 1
11 27
27 23 20 13 8
27 7 6
18 27 11 36
11 27 10
27 9 16
27 10
27 33 2
27
27 15 11 8 1
27 4 7 2
36 20 27 37
7 10 27 38 5 13 23
27 9 8 22
38 6 36 27
35 27
15 27 4 6
27
27 11 23
10 27
35 8 27
7 27
11 27
1 27 11
4 6 27
21 16 6 15 11 27 35
27
33 6 16 27 36
27 1 7 8
33 27 6
23 11 6 15 27
27
7 27
27 8 16
7 9 27 38
27 37 16
27
11 16 0 27
27 13
22 27 6
23 27 11
13 38 27 10
27 35 36 10
6 1 27 18 37 20
6 27
11 9 27
6 27 33
38 27 23
27
38 27 33
27 0 10 9
7 37 27
11 27 8
27
38 27 37
27
27 2 11
39 27 22 10
35 7 9 37 23 36 27
27 17
23 10 27
10 27
11 36 27
21 10 27
27 6
1 27 10
27 6 1
4 1 27
16 13 27 1 19
7 27 10 23
6 27 23 15
27 6 2 1
7 27
15 37 20 17 21 7 23 18 11 27
13 6 27 11 3
8 7 27 13 18
21 27 15 8
16 27 10
27 7
8 27 16 7 1
6 27
27 23 18
13 19 37 27
6 1 27
5 27
8 7 35 27 15 36
27 19 11 15
7 15 6 27 39
27
6 27
39 7 27 1
38 18 27
11 27
27
7 27
1 27 6
8 27 33
1 27 9 2
1 10 27
6 27 1
37 15 33 13 9 27
27
27 37
7 4 27 1
1 3 27
36 38 10 27
27
6 38 7 27 36 37
27 15 37 11
9 2 27 8 40 1
18 6 27
16 27
27 33 40 16 6
1 6 27
15 11 27
35 27 15 6
33 27 6 13
27 9
37 9 16 27
1 27 6
27 6
35 6 37 27 38 13
27 15 7 36
1 6 38 39 2 27 11 7
27 6
10 9 27
11 27
8 27 35
27
6 35 27 2
20 27 16 10
1 6 27
10 27
3 27
8 7 27 33
5 27 38 9 2 11 39
27 7 9
27 1
27 23
27 37 35
27
27 15 1
10 23 36 37 27
27 20 6
27
27 10 1
17 27 1
27 6
5 22 1 27 11
27 5 7
36 23 10 27 33 38
1 27 36 38 13 39 15
39 27
38 27 23
6 33 27
27
27 2
27 8 7
13 6 27 7
1 27 2
27 37
27 11 5 1 2 9
11 27 15 7 3
4 27
27 10 22 13 9 38
40 27
9 13 27
9 27 2 15 11
5 33 27
27 37 39
8 27
27
0 27
27 8 13
2 11 27 9
27 7
8 27 18
27 37 7
27 10
27
27
27 9 11 1
27 6 37
38 20 6 27
9 27
7 27 8
27
4 27
27 38 22 39
36 27
27 11
27
11 27 6
7 27 10 1
7 27
27 7 10 11
11 23 16 7 27 10 9
8 27 13
35 11 27 37 39 9
11 27
27 6 13 16
27
7 1 27 6 35
15 10 39 27 9
27 6
27 4
23 27 3
27 15
11 6 7 27
15 11 35 38 27 1 18
1 2 27 7
10 38 27
27
27 39 9 38
27 16 2 8 3 1 19
16 8 27 23
3 27
20 39 5 23 35 6 27 11 38
27
27 1 36 11
13 23 1 9 8 27
1 8 7 27 10 6
27 13 16 21 35 6 39
16 21 0 37 27 5
27 10 23
27 9
11 36 27 39
27 11
27
27
20 27
27 39 7
27 5
11 10 27 36
27 13
2 27 1
3 7 10 36 16 6 27 11
9 10 27 7
23 27 21 16
7 27
27 6 35
3 10 13 4 27 36
27 2
1 11 27 2
27
7 15 27
10 33 27
11 27
11 27 9 38
3 27 6
27
27
8 27 9
11 27
37 27
9 11 27
1 7 11 6 27
2 27 1 6
27
8 27
27 6
4 27
27
27
27 7
6 20 27 13 1
27
27
17 4 27
27 8
27
27
8 23 27
1 11 5 40 27
6 39 27 23 7 11
15 27
5 27 7 21
7 9 11 27
27
27 10
27 9 10
36 10 35 27
27 9 0
27
3 27
27 38
2 1 27 4
27
27 11 9 10
17 27 16 40
13 27 20 17 23 3 10 1 4
27 23 11 1
27
6 27 7
38 39 7 27
27
19 27 11 39 23 8 35
10 40 27
22 8 19 40 17 27
27 6
27 6 17 11 1 16
27 1 35
27
6 27
27 10
8 27
8 10 36 15 35 27 33 20
27 10 9
5 27 8 20
27
27 38 1 11 6 9 2
6 27 11 13
27 16 33 8 9
27
4 27
27
11 27
2 27 6
15 27 18
37 27 6 23
27 1
27 35
13 27 38
27 38
27 1
27 11 20 23 35 15 10 16
27 2 1
27 21 20
15 37 27
27 20 11
11 27 5
0 3 27 1
15 37 1 27 36 20
27
27 6
27 20
27
6 27
27 8 20
27 18 10
33 18 23 27
27 38 10 9
27 6
1 27 37 2
1 16 27 6
7 3 27 1 10
3 27
27 9 38 3 11
11 27 15 17 6 5
27 40 10 3
1 27
7 27
27 11
20 27
6 15 7 10 1 27 2
0 16 27
27
17 27 9
27 13
35 27 15 16 13
13 7 36 37 6 27 21 11
3 37 27 11
10 7 27
38 27 11
1 27 6
7 13 27 8
27 38
27
27
10 23 1 27
0 27
1 16 27 11 38 7
27 3 10 8
27 6
27
27
6 23 27 1
27 6
27 15
11 27
40 1 27 11
27 13
3 11 15 6 27
27
10 27 35
27 9 37 7 8
27 9
9 27 11
38 27 6
9 7 38 27
8 27
27
7 20 27 6 33
7 27 9
27
27
27 39 9 10 6
27 8
27 16
27 38 10
15 27 37 10
27 6
38 27 23 11 6
27
27 8
27 13 1
1 27 10
27 39 40 1
27 35 19 37 6
27 7 9
27 36 13
27
27 6
23 27 37
3 6 38 27
27 36 35 6
19 27 33
20 6 11 27
6 10 27
27 37 11 9
27
27 1 2
27 7
8 15 38 27
18 11 6 27 35 15
27
38 27
27 9 11
18 20 19 27 40
6 1 3 27 21
17 1 4 3 27
16 6 27
7 27 13
11 9 22 27 39
27 16
10 27 16 9 15
7 6 38 27
27 18 11 23 38 40
27 2
11 17 27 6
16 10 27 18
15 13 6 37 11 27
27 23 7 38 11
6 11 27
21 7 11 27
27 6 19
39 27
27 11 40 2
8 27
6 7 27 40
17 11 6 27 33
39 27 8 9 38
15 1 40 27
27 19 40 11 39
37 23 6 27
5 1 27
36 27
27
27
2 1 27
7 36 37 27 11 6
2 10 16 11 3 27 1 23
9 27 8
7 27
27 6 17
36 27 6 13
10 27 36
27 11 4
17 18 27
27 11 1
10 27
11 6 27
1 27
27 10
23 20 6 39 22 27 4 11
27 36 11
22 11 10 27 36 20 35 37
11 27
7 2 6 27 8
40 27 6 16 9
6 7 27
10 5 27
27 35 7 11
27 13
27
1 27
27 23
40 1 27 3
2 27
27
27 38 11
27
27 20
27 11 36
27 38 1 11 35 22
27 33 36
35 6 3 27
37 27 6
8 33 27
6 27 1 2
27 11
13 20 23 8 27
7 1 27 6 15
6 36 11 27 18
6 11 27
18 6 27
27 23
10 27 0 33
27
1 27 6 10 15
7 27 11 4 2
37 27 36 20
7 38 27 5 6 11 19 13
22 8 9 27
27 36 38
35 1 27
27 9 3 6
27
33 23 11 27
27 11
8 27 35
11 27 7
27 11
27 11 1
6 27 4
20 35 6 27 16 11
27
16 10 36 27
7 27 1 8
27 6
6 10 11 27
27
7 27
8 27
9 10 38 27 7
37 16 27
27
40 38 0 1 16 27
27 13 10
27 6 20
27 8 23
10 27 11
10 36 27
1 37 27 20 18
27 6
27 11 9
6 27
27 38 23
27
38 27
9 10 27 1
7 37 27
8 27
27
37 27 38
27
2 11 27
22 15 10 27 11 39
27 7 23 37 9 35
17 27
27 10
10 27 15
11 36 27
27 15 10 21
6 27
1 11 10 27
1 6 27
27 4 1
27 1 6
7 27 23 10
15 16 6 27 23
27 2 1 8
7 27
11 21 7 18 27 19 17 20 15 37
16 11 13 9 3 27
8 27 18 13 7
21 6 15 27 11
27 16 10
11 27 7
16 38 7 10 27 1
27 6
23 18 27
15 27 13 11 37
27 1 8 16
27 5
35 7 10 27 36
15 11 27
7 39 27 10
27
27
6 1 2 27 39
27 6 18 38
27 33
27
27 7
6 27 1
27 8
27 9 2 1
27 10 1
6 1 27 7
10 9 37 13 27 15
27
27 37
27 6 4 1
1 0 27 3
36 27 10 38 11
27
37 7 27 38 36
15 27 37
40 1 27 2 6
18 27 8
27 16
40 6 11 27
27 1
27 11 15
35 6 27 36 15
13 27 33 6
27 9 10
27 18 37 10 9
27 11 6
6 27
6 37 15 13 27 38
27 35 6 7
1 6 38 27 39 11 2
38 27
27 6
27 10
8 35 27
27
35 27 2
27 10 20 16
27 1
27 10
3 27
33 8 27 6
39 11 5 27 2 38
6 7 27
27 1 13
27 23 9
37 35 11 27
27
27 2
27 37 11 36 23
27 6
27
33 10 1 27
27 1 17
6 27
1 10 22 35 5 27
6 27 11 7 5
35 23 33 38 27 39 9
39 38 1 27 36 13
27 35 10 11 38
27 23
6 27
27
2 27
27 8 7
27 13 7 6
2 1 27
27 37
2 6 27 5 1
15 27 6 3
4 11 27
38 20 13 9 10 27
40 27
9 27
27 11 1
3 27
37 11 39 27
27 38
27
27 3
13 15 27 6
33 2 9 27
15 7 27 13
18 27 8
11 7 37 27
27
27
27
11 9 27
27 37
27 6 20
9 27
27 7 8
27
27 3
6 22 27 39
27 36
11 6 27
27 6
6 27
27 11 38 1 7
27 7
10 27 11 38 7
27 9 7 38 23 11 16
27 13 8
27 39 35 37 8
27 11
27 16 13 6
27
1 10 35 27 7
11 39 27 9
27 8
27 4
3 15 27 23
27
27 6 7
27 38 35 1 15 18
7 27 1
11 38 27
27
39 38 27 9
19 16 1 9 27 3 2
16 27 8 23
27 3
27 3 11 35 39 38
27 11 35 6
2 27 36
9 13 1 23 8 27
10 27 0
27 21 16 39 35 13 11 6
37 5 27 10 0 16 21
27 10 23
27 6
11 27 36 39
27
27
27
6 20 27
27 7 38
27 5
27 6 36
27 13
2 27 1
7 36 16 10 6 27 11 3
15 7 10 9 27
16 23 21 27
7 27
35 27 6
27 4 10 13 3 36
27 2
2 1 27
27
27 6 7
27 10
11 27
9 38 11 27
9 27 3
27
27
27 6
27 10
37 27
9 27
27 11 6 7
2 1 8 15 27
15 27
8 27
6 27
11 27 4
6 27
27
7 27
20 27 6 1
27
27
27 4 17
8 16 27
27
27
27 8
10 40 1 5 27
7 39 23 10 27
27
7 5 27 21
9 27 7 11
27
10 27
9 27 10
15 27 36 35
2 9 27
15 27
3 27
23 38 27
27 6 1 4 2
27
10 9 27
40 17 27
3 10 13 23 27 1 17 20 4
27 0 11 23
11 27
6 27
27 38 7 39
27
35 6 27 19 39
27 40 11
11 38 27 22 40 17 19
27 6
37 27 17 16 1
27 35 1
27
13 27 8
27 10
10 27
33 27 8 11 20 36 35 15
9 27 10
27 5 20 10
27
11 1 2 3 38 9 27
6 27 13
9 27 10 16
27 15 11
27 4
27
27 6
2 6 27
27 15 16
11 6 27 23 37
27 1
35 27
38 13 27
27 38
0 27
23 10 35 11 16 20 27
2 27 20 0
20 6 27
27 37 15 33
21 27 11
27 5 6
3 1 27
20 37 27 1 36
27
6 38 11 27
27 22
11 27
27 6
20 27 11
27 18
33 27 6 23 16
9 38 27
6 27
37 1 27
6 27 1 17
27 7 11 1
3 4 27
9 11 3 27 10
17 6 35 8 27 5
3 27 11 40
27 1
7 27
11 27
20 11 27
1 16 2 8 27 7
16 27
27
27 17 10 9
13 27
13 15 16 27 35
27 37 36 6 7 21 13
27 11 3 37
7 27 10 16
27 40 11
11 1 27
27 13
11 38 23 27
27
27
23 10 27 1
27 0
7 1 16 38 27 15 6
1 10 27 8
27
27
27
1 27 11 23 10
6 9 27
27 15
27 11
10 1 27 40
11 27 13
11 27 9 3
27 10
27
27 8 7 23 9 37
9 27
11 27 9
27 6
7 9 27 11 38
27 8
11 27
27 11 20 7 6
27 8 7 9
27 6
27
9 38 6 27
27 8
16 27
10 39 27 38
37 6 27
27
38 23 27 11
27
27
0 27 13 11
10 27 1
27 6 1 40 39
19 37 6 27 36 35
27 7 8 9
36 27
27
6 38 27
6 37 23 27
11 38 1 27 6
35 27 8
27 33
20 27 6
6 7 27
27 9 33 37
27
27 1 2
