7
6 23
15 35 18 9 8
11 15

9 11
40 18 20 8 15
1 21
17 5 1 15 4
6 16
13 7
9 22 11 39
16
15 16 10 9
7
40 11 23
2
17 9
18 16 10
11 6 13 37
7 11 19 38
6 11
7 21 10
12 6
39
2 40
9
7 6 38
16 11 10
9 8 39 38
40 1
39 40 11 19
11 6 23 37
3 5
36 10


0 2
6 37 7
2 10 15 11 1 23
9 10
6 7
17
36 6
36 10
4 11
18 17


11 8
1
10
39 22 6 20 4 23
36 11
20 36 11 22 35
11
2 6 7 13
8 9 18 40
7 6
5
35 7
13
38
15 1
23
10 40 3 1
2

11 38

20
15
35 1 38 22
33 36
3 35 6
37 8
10
6 1
11
8 20 23 13
6 7
18 36 11
10 11
9 16
10
33 2

1 8 15 11
2 4 7
37 20 36
5 23 7 13 10 38
22 8 9
38 6 36
35
6 4 15

23 11
10
8 35
7
11
11 1
4 6
15 21 6 35 11 16

33 6 16 36
7 1 8
33 6
15 23 6 11

7
16 8
7 38 9
37 16

16 0 11
13
6 22
23 11
10 38 13
35 36 10
6 1 37 20 18
6
11 9
6 33
23 38

33 38
0 10 9
37 7
11 8

38 37

11 2
10 39 22
36 35 7 23 37 9
17
23 10
10
11 36
21 10
6
10 1
6 1
1 4
1 16 13 19
10 7 23
15 6 23
1 6 2
7
18 20 23 7 21 15 37 11 17
6 13 3 11
7 18 8 13
8 15 21
16 10
7
8 7 16 1
6
18 23
19 37 13
1 6
5
8 35 15 36 7
19 11 15
39 6 7 15

6
39 7 1
38 18
11

7
1 6
33 8
9 2 1
1 10
1 6
9 15 37 13 33

37
4 7 1
1 3
36 10 38

38 36 7 37 6
15 37 11
8 9 1 2 40
6 18
16
16 33 6 40
6 1
15 11
35 6 15
13 33 6
9
16 9 37
1 6
6
37 6 38 13 35
7 15 36
7 2 39 1 11 6 38
6
9 10
11
35 8

6 35 2
10 16 20
6 1
10
3
33 7 8
38 5 11 39 9 2
7 9
1
23
37 35

15 1
23 36 10 37
20 6

10 1
1 17
6
22 11 1 5
5 7
10 23 36 38 33
36 1 38 15 13 39
39
23 38
6 33

2
7 8
7 6 13
1 2
37
9 1 2 11 5
15 3 11 7
4
13 38 9 10 22
40
13 9
15 9 2 11
5 33
39 37
8

0
13 8
2 9 11
7
18 8
7 37
10


11 1 9
6 37
38 6 20
9
8 7

4
39 38 22
36
11

6 11
7 1 10
7
10 7 11
10 9 23 16 7 11
13 8
39 11 37 35 9
11
6 16 13

35 6 7 1
39 9 15 10
6
4
3 23
15
7 6 11
18 35 15 1 11 38
7 2 1
10 38

9 38 39
16 2 8 1 3 19
16 8 23
3
39 6 11 35 23 20 38 5

1 36 11
8 9 1 23 13
1 7 10 6 8
6 21 35 13 39 16
5 16 21 0 37
23 10
9
11 39 36
11


20
39 7
5
10 11 36
13
2 1
11 6 7 16 3 10 36
9 7 10
23 16 21
7
6 35
3 10 13 4 36
2
1 11 2

15 7
33 10
11
38 11 9
3 6


8 9
11
37
9 11
1 11 7 6
1 6 2

8
6
4


7
6 20 1 13


4 17
8


23 8
5 11 1 40
11 6 23 7 39
15
7 21 5
9 7 11

10
10 9
36 35 10
0 9

3
38
4 1 2

9 11 10
17 40 16
1 3 13 4 17 20 23 10
23 1 11

7 6
38 7 39

39 8 23 19 35 11
40 10
8 19 40 17 22
6
6 1 11 17 16
35 1

6
10
8
33 8 36 15 20 10 35
9 10
8 5 20

6 1 2 38 9 11
13 6 11
33 9 8 16

4

11
2 6
18 15
37 23 6
1
35
38 13
38
1
20 23 35 15 10 16 11
1 2
20 21
15 37
11 20
5 11
3 1 0
15 20 37 36 1

6
20

6
8 20
10 18
18 23 33
9 38 10
6
1 2 37
16 1 6
1 10 3 7
3
3 38 11 9
5 6 15 11 17
40 10 3
1
7
11
20
10 7 1 15 2 6
0 16

17 9
13
16 13 15 35
36 37 13 21 6 11 7
37 3 11
7 10
11 38
6 1
13 7 8
38


1 23 10
0
7 11 38 16 1
8 3 10
6


1 23 6
6
15
11
11 1 40
13
11 3 6 15

35 10
7 8 37 9
9
9 11
6 38
7 9 38
8

6 7 33 20
7 9


6 10 9 39
8
16
38 10
15 10 37
6
23 38 11 6

8
13 1
1 10
39 1 40
6 19 37 35
7 9
13 36

6
23 37
6 3 38
6 36 35
33 19
6 11 20
6 10
11 9 37

1 2
7
15 8 38
35 6 11 18 15

38
9 11
18 19 40 20
3 21 1 6
1 17 4 3
6 16
7 13
11 9 39 22
16
16 9 15 10
38 6 7
23 38 18 11 40
2
6 17 11
18 16 10
11 15 13 37 6
7 11 23 38
11 6
11 21 7
6 19
39
2 11 40
8
6 7 40
11 6 17 33
38 9 39 8
1 15 40
40 11 19 39
23 37 6
5 1
36


2 1
11 37 7 6 36
2 10 16 3 23 11 1
8 9
7
6 17
36 13 6
36 10
4 11
17 18
1 11
10
6 11
1
10
11 6 22 23 20 4 39
36 11
22 37 36 35 11 20 10
11
8 6 7 2
9 16 40 6
7 6
10 5
7 11 35
13

1
23
3 40 1
2

38 11

20
11 36
22 1 35 38 11
33 36
3 35 6
6 37
33 8
1 6 2
11
20 13 23 8
6 1 7 15
6 36 18 11
11 6
6 18
23
33 10 0

6 10 15 1
11 2 4 7
37 20 36
6 38 5 7 19 11 13
9 22 8
38 36
35 1
9 6 3

23 11 33
11
8 35
11 7
11
11 1
6 4
20 6 11 16 35

16 36 10
8 7 1
6
11 10 6

7
8
10 38 7 9
16 37

40 16 1 38 0
10 13
6 20
8 23
10 11
36 10
18 37 1 20
6
11 9
6
23 38

38
9 10 1
37 7
8

38 37

11 2
15 10 39 11 22
7 37 23 35 9
17
10
15 10
11 36
10 21 15
6
11 1 10
1 6
4 1
1 6
23 7 10
16 23 15 6
1 2 8
7
37 19 11 17 18 20 7 21 15
9 16 13 11 3
18 7 13 8
6 11 15 21
10 16
7 11
1 38 7 10 16
6
18 23
37 11 13 15
16 1 8
5
10 36 35 7
11 15
10 39 7


6 39 2 1
6 18 38
33

7
1 6
8
2 1 9
10 1
7 6 1
13 15 9 10 37

37
6 4 1
0 1 3
36 38 10 11

36 7 37 38
15 37
1 2 6 40
8 18
16
11 40 6
1
11 15
6 36 35 15
13 33 6
9 10
9 10 18 37
6 11
6
15 37 38 13 6
7 35 6
1 6 2 11 38 39
38
6
10
8 35

35 2
16 10 20
1
10
3
33 6 8
38 2 5 11 39
7 6
1 13
23 9
11 37 35

2
23 36 37 11
6

33 1 10
17 1
6
10 5 35 1 22
6 5 11 7
38 33 39 9 35 23
36 39 1 38 13
11 38 35 10
23
6

2
7 8
13 6 7
1 2
37
6 2 1 5
15 3 6
11 4
10 38 20 13 9
40
9
1 11
3
37 11 39
38

3
15 6 13
33 9 2
13 15 7
18 8
37 11 7



11 9
37
6 20
9
8 7

3
6 39 22
36
6 11
6
6
11 7 38 1
7
7 11 10 38
23 16 11 9 7 38
8 13
8 39 37 35
11
13 6 16

10 35 1 7
11 9 39
8
4
3 15 23

7 6
18 1 35 15 38
1 7
11 38

9 39 38
16 3 19 9 2 1
8 23 16
3
39 3 38 35 11
11 35 6
2 36
1 23 13 8 9
10 0
11 6 13 39 16 35 21
0 16 21 37 10 5
10 23
6
11 36 39



6 20
38 7
5
36 6
13
2 1
16 10 36 6 7 3 11
9 7 15 10
23 16 21
7
35 6
10 3 4 36 13
2
1 2

6 7
10
11
9 11 38
3 9


6
10
37
9
11 7 6
15 8 1 2
15
8
6
4 11
6

7
20 6 1


4 17
8 16


8
10 40 5 1
39 10 23 7

21 7 5
11 7 9

10
9 10
35 36 15
9 2
15
3
23 38
2 6 4 1

10 9
17 40
4 10 17 20 23 1 13 3
0 11 23
11
6
39 7 38

39 35 19 6
40 11
17 11 19 40 38 22
6
1 16 17 37
1 35

13 8
10
10
35 33 11 15 20 8 36
10 9
20 10 5

11 3 38 9 1 2
13 6
9 16 10
11 15
4

6
6 2
16 15
23 37 6 11
1
35
38 13
38
0
20 23 35 10 16 11
2 20 0
6 20
37 33 15
11 21
5 6
1 3
1 37 36 20

6 38 11
22
11
6
20 11
18
33 16 23 6
38 9
6
1 37
6 1 17
11 7 1
4 3
11 10 3 9
5 8 6 35 17
3 11 40
1
7
11
20 11
7 2 16 1 8
16

10 9 17
13
15 13 35 16
7 37 21 36 6 13
11 37 3
7 10 16
40 11
1 11
13
11 38 23


1 23 10
0
15 16 38 1 6 7
10 8 1



23 10 11 1
6 9
15
11
40 1 10
13 11
9 11 3
10

37 23 8 9 7
9
9 11
6
9 11 38 7
8
11
20 7 11 6
8 7 9
6

38 9 6
8
16
39 38 10
6 37

23 38 11


13 0 11
1 10
6 39 40 1
19 6 35 37 36
7 8 9
36

6 38
37 23 6
38 6 11 1
8 35
33
6 20
7 6
37 9 33

2 1
