8 3 15
6 19 16
11 1 6 18 35 40
15 10 3 33
3 38 15 11
11 3 20 7 15 9 36
17 8 15
15 10 35 13 1 3 23
16 6 15 3 1 4
6
13 40 11 3 15 38
16 3 15 11 18 13
1
15 3 11 9
15 3 6
20 17 11 15
3 2 6
15 3 35 13 16
20 3 23 16 15 6
3 15 40 6 7
18 15 11 7
9 15 10 20 3 39 23 38
17 20 7 10
9 3
18 15
18 3 2 17 10
3
3 15
37 6 3
16 9 15 8 11
7 21 1 6 3
38 20 35 3
3 19 20
15 40 3 4 1 13
16
10 3 23
6 15
0 3 12 1 11 2
3
8 35 15 1 19 2 3 18 20
15 3 9 17 6
11 3
3 17 6
10 15 17 11
9 3 15
6 3
38 3 15 13 11
8 3 6 23

11 3 15 17
37 11 7 6 1 3
16 10
20 7 35 15 36 10 3 18
37 15 3
3 39 7 19 37 6
10 15
16 2 15 6 3
15 16 6 3
3
15 3 4 11
15 11 7 9 3 16
3 6
5 3
1 6 5
15 16 11 20 6 7 23
3 1
2 37 3 11 21 1
1
18 38

40 23 37
10 37 15 20
1 3
6 21 3 15 16
38 15 6 3
13 6 15 3
20
5 9 2 23 1 3 15
6 3
23 33 16 19 20
3 7 33
3
38 15 6 37 3 11
15 23 3 6 16

15 1 3
39 15 9
15 11 3 1
2 6 3
33
19 6 20 1 21
11 15 16 9 20
6 3 15
19 17 3 15 20
22 11 3 15
15 22 33 1 16 19 6 11 20 39 23
15 13 17 23 20 11 33 38
10
36 8 38
10 9 15 33 23
15 6 7 35 3
3 10 15 1
3
4 6 15
11
23 3 13 4 15
15 6 3 16 1
5 3
13 35 15 6 11
3 10
10 7 16
36 6 13 15
35 11 9 40 7
36 18
38 6 15 20
9 13 17 16 15 3 1
3 5 8
8 17 3 15
10
8 13
15
19 0 6 36 15 3
4 3
3
1
20 15 11
6 15 1
3
3 0
10 7
8
10 11 1 15 36 38
23 6 19
15
18 15 1 2
11 10 23 15
7 0
16 10
36 8 37
16
6 1
10 15
20 1 5
3
3 6 15 7
35 1 3 18 7
3 23 9 16 10
7 33 11 15 38 10
20 23 15 33 16 11 3
15 38 1 6 2 3 37
3
16 18 3 11
3 11 9 23 20 15 19 13
13 7 8 17 20 15
23 21 17 18 16 6 7 5
10 11 16 37 3 7 15
15 3 16 17 7
15 1 3 7 13 35
11 15 6
15 16 3 13 22 6
22 13 15 36
6 7 5 15 3 1 22
1 4
1
3 16 13
6 3 15 16
3
8 3
15 11 2 3 1 4
11
18 11
8 3 16 7
7
17 1 15 3
8
1 3 2 0
3 1
1
9 18 23
35 3

18 38 11 3 1
11 35 3 5 15 1 38
36 11 15 23 39 10
15
6
10 36 38 17 37
3 37 15 2 0
15 23 1 8
33 15 7 8 9
38 3 33 6 15 23
3 6 15 40
13
3
18 4
6 15 7 3 37
6 7 13
11 9 15 20 10 7 21 3
17 1 16
13 11 9 36
19 3
1 2 15 10 5 3
1
3 16
10 33 15
7 13 3 20 11 35 15
3 7 15 6 35
0
8
1 6 3 39 15 16 38 36 18
3 23
3
23 33 20 4 3 6
1 6 2 5 4
3 7
0 1 15 3
7 33 18 13 20
21 3 38 16 23 11
37 13 11 15
2 11 3 13 38 21
38 10
20 15 1
7 3 23 15 33
1 15 10 3
1 6 16
3
4 22 23 13 10 1 3 15
3 15 6 4
3 40 11
13 3 6 15 1

23 1 20 18
23 15 6 17 3 18
15 19 40 6 1
16 11 2 3 13
8 15 23 7
9 5 3 13 15
1 2 3
15 11 3 10 37
2 1 3 4 6
11 5 38 40 16 15 3
3 11 7
11 10 20 13 15 9 36
16 3 23 15 20
3 10 19 8 35
7 3 1
15 3 22 11 4 10
9 11 3 20 15
22 13 38

6 3 15
3
3 2 15 18 16 5
6 21 35 3 5 23 15
15 17 36
38 3
3 8
6 15 3 23
3
7 8 20 3
3 11 37
15 37 22 5 9
8 9
37 1 6 9

20 23 8 15 3 5
3 7 16 9
23 39
3 20 13
3
23 6 39 33 22 3
10 17 3 1 37
7
11 38 7 15 36 10
11 3 23 2 15 7
17 8 13 35 21
18 8 10 16
23 15 40 6
3
3
1 15 3 6
15 9 11
7 3 11 10
16 5 3 7 37 20
40 6 3 23 15 7 5 11
11 3 36
15 7 3
15 1 16 6 3 20 23 8
15 1 3 20 18
7 3
6 3 7
3
3 39 11 2 1 20 15
23 8 35 13
5 15 1 3 4
4 15 7 3 16 23
10 3
15 2 36 9 8 3
1 16 11 3
19 3 4 0
22 4 20 15 33
15 6 1 3 4
3 9 15
11 3
37 40 3
3 10
15
1
15
7 11 39
13 15 11 16
3 39
10 9 11
23 2 1 3 33 36 15
7 6 1 15 10 11 17
10 7 9
23 3 21 11 15
3 7 6
6
3 10 15
2 3
3 2
3 10 18
15 36 23 5 38 3
15 23
1 16 6
7 6
3 4 15 9
8 6 20 3
6
6 3
6 36 15
37 35 15
7 6 3
20 6 15 3
15 2 3 6 1
15 40
38 23
15
3 20 15 7
40 10 38 35 23
3 11 38
11 36 23 15 6 3
15 3 13 1 37 8 40
23 1
1 6
3 20 36 6

17 35 3

6 3
1 15 37 6 8 3
15 16 36 3
23 15
13 9 3 15 38 11 4
1 15 38 39
3 8 15 13 16
10
6 3 11
9 3 8
1 3
6 1
3
3 39 11 13 15
7 11 1 2 3
3
11 3
10 36 20 15
13 3 15 35 16 1
15 19 3 16
1 11 20
10 15 9 3
15 3 11

11 3 20 21
3 38 40
16 15 40 10 17 22
7 3
2 1 20 11 3
3 11 20 1 15 6 18 23
1
7 12 3

10 23
11 8 35 15
38 15 9 11 33 23 40
17 4 10 3
3 6 15
2 3 1 0
11 37 35 1 15
23 33 10 9 15

3
23 3 6
6 3 23 15 22
3 2
5 20
35
3 11 7 6 38 15
15
5 9 3
7 10 20 23 1 15
15 3 6 1 11
38 10 11 16 21 8 23 7 18
16 3 39 1 2
40 15 3 16 10 23
20 10 23
8 35 3 37 15
3 16 4
38 3 1 15
1 6 11 3
39 3 35 6
3 4 11 7 6
36 15 21 8
3 23
23 6
40
19 23 3
6 17
9 23
3
37 3 1
13 6 3 7 5 39 1
38 3 1
6 1
3 6 7 15 11 16
3 6 4
35 3 15 37
1 7 8 19 3
8 7 15

20 15
5 1 3 2 6
6 20 21
15 38
23 11 15 9 21 6
3
3 8 16 15
33 3 19 20 23 13 15
13 3 15 6 33
10 11 3 16 36
20 35 15 11
6 3 1
10
10 11 20 15 40 23
38 3
3 35 33 7 6
1 16 5 3
3 9
4 15 7 10 16 19 11
3 15 11 17 1
15 3
1 11 7 18 6 15
7 15 16 17
1 4 10 7 15 3
9 21 3 16 15 35
19
8 15
3
6 1 23 15
10 3 15
38 11
1
7 9 38 35 23
3 7 11
7 15 9 20
15 3 13
3 7
8
3 40 10 38
10 15 22 1
9 15 7 11
3 33

3 20 6 7
8 15
1 6
10 39 15
23 15 16 3
3 18 6 15 7
9 10 3
13 23 20 3
33
15 7 38 3 11 1
15 7 1 38 6 3
3 15 16
20 3 16 11 6
7 9
15 33 10
38 10 33 35 3 17
8 40 33 3
21 20 3 6 15 37
3
3 6 40
15
6
10 3 15
10 9 20
3 6 15 22
6 16 2 1 3
16 11 3 38
19 6 17 16
6 40 35 15 18 1
3 11
13 8 1 15
20 7 15 9 36 10 3 11
8 16 18 15
15 1 37 11 3 13 23
3 11 16 4 6 1 15
6
15 13 3 38 40 11
15 18 13 11 3 16
3 38
8 3 19 9
3 15
17 20 11 36
2 3 6
15 3 13 35 16
20 8 3 16
40 6 3 7
8 7 18
9 20 15 39 38 3
8 20 17 7
3 11 9 12
18 15
2 18 3 17
3
15 3
37 7 6 3
9 10 11 15
21 11 10 7 1
3 16 38 20 37
5 20 15 3
1 4 3 40 13 23
16 10
10 23 3
10 15
1 3 11 2
3
15 1 35 2 10 11 3 18
3 17 8 9
10 3
33 17 8 3
17 10 15
3 15 9
3
3 13 38 15
15 11 6 3 23

3 33 11 17
3 37 15 11 10 7 6 1
16
20 7 35 15 36 11 3 18
3 16 37
6 37 23 39 3
15 20
15 3 6 2 38 16
6 16 15 3
3
33 8 4 15 3
6 11 7 9 3 16
6 15 3
3
3 6 1 5
23 16 10 20 7 11 6 15
1 3
3 37 21 2 1 9 10
3
10 15 18

23 40 15 37
20 37
5 3 1
9 15 8 21 3 16
38 6 15 3 23
1 13
8 20
1 9 23 2 3
11 3
20 19 16
33 3 6
3
6 37 3 38 7
23 3 6 16 15
15 11
3 2 15
15 19 9
3 11 1
8 2 3
15 33
21 20 1
9 16 10 20 15
3 6
20 17 15 19 11 3
3 15 10 22
22 35 15 33 36 16 19 11 6 3 20 39 23
20 13 23 15 33 16 38

38 36 8
33 9 23
7 3 35 6
1 13 15 10
3
15 38 4
15
15 13 3 4 23
1 6 3
0 5
11 10 15 13
15 3
7 16 10
36 15 6 13
40 11 9 7 35
36 18
20 6
0 15 9 16 3 13
15 3 5 8
17 3
10
15 13 11 8
15
20 3 19 1 6 10 5 36
11 4 3
15 3
1
20 8
11 6 1
3
3 1
7 15 8
10
15 6 38 3 11 36
20 6 7 15 23
15
3 15 2 18
33 8 23 11
6 3
16 8
37 36 10
8
3 10
11 10
20 5 6 3
3
7 3 6
0 18 3 35 6 15
15 23 3 9
7 15 11 10 38
16 33 20 3 23 15 11
2 38 11 1 3 37 7 15
3
15 33 16 18 3
20 23 3 9 8
17 7 20 13 15 10 8
5 18 16 23 21 17 15 7 8
3 37 11 16 10 15 7
17 16 15 7 3
1 15 3 13 7 6
11 6
3 13 6 15 22 16
35 36 13 15 20
15 38 22 5 7 3 11 19 1
3 4 19
3
13 10 16 3
6 3 16
18 3
3
11 3 1 4 2 15
19 8
11 18
3 6 8 7 16
7
1 3
8
2 1 3 0
1 3
1 3
18 15 9 23
3 36

38 15 16 3 1
10 1 5 15 38 3 35 40
10 11 15 39 36
15

15 36 17 8 37
2 3 0 37 15
3 8 38 23
15 9 7
11 3 38 15
3 15 40 6
35 13 15 6
3
18 3 35
9 15 3 7 37
6 7 13
19 21 3 33 11 6 20 16 7 15
16 17 3
13 11 15 36 8
3 21 11
1 15 5 8 2 3
1
16 15 3 10
15 20 8
20 35 3 22 15 13 7
7 35 16 3
1 3
15 13 23 8
11 18 3 39 1 38 36
3 23
3
33 23 3 4 15 6 20
2 4 3 6 5
7 3
0 1 3
6 10 18 20 13
21 11 16 3 23 38
15 13 37
2 3 21 6 13 38
15 11 38 10
3 20
15 6 33 3 19 7
3 1
38 3 16 11
3
3 13 23 22 15 1
3 8 4
3 40 10 15
1 13 6 3 15

15 18 20 23 3
23 19 16 3 6 15 17 11
40 15 3 19 10
13 33 15 3 16 2
10 15 23 7
15 6 5 3
2 3 1
11 37 3 8 15
3 0 2 4
3 16 38 40 5
3 6
10 13 11 9 36 20
15 20 23 3 16
15 19 35 1 9
6 2 7 3
22 4 1 15 10
20 11 9 15 3
11 13 22 39

3 10
3
18 16 3 15 2 5
3 35 21 6 23 15
36 17
15 38 11 3
8 3
15 3 23 40 6
3
20 3 10 7 40
15 3 37 10
37 5 9 22
10 15 9
3 37 9 10

5 23 3 20 11
15 16 9 7 3
23 39
13 11 3
3
39 15 22 23 38 11 1 6
17 37 3 10 1
16 7
11 38 15 10 36 7
2 23 3 7 15
13 21 10 17 35
18 15 16 11 8
6 40 11
3
3
15 1 3 6
9 11 15
11 7 3
7 37 15 3 5
11 15 3 6 40 10 7 5 23
3 10 36
15 3 7
1 16 6 3 20 23 7 8 15
20 1 0 11 3 15 18
15 3 7
6 3 7
3
2 20 3 39 15 1
16 8 13 35 23
5 1 3
4 16 23 3 7
1 10
15 36 2 8 3
11 3 16 1
15 0 4 3
15 10 33 4 22 20
15 1 10 11 0 4
15 3 9
15 20 3
3 35
15 10 3

3

7 39
13 4 11 17
10 39 3
15 9 10
3 15 23 2 33 36 1
15 7 6 17 3 10 11
7 10 15 9
3 8 21 23 15
6 7 3
33 6
3 8
1 3
3 2
39 18 3
3 36 5 23 38
15 23
11 3 12
6 7
9 15 3 4
3 10 8
6
8 3
15 36 38
15 37 35
15 3 7 6
15 3 20
1 3 2
40 15
11 38 23
15
20 15 0
11 40 38 35 23
10 3 11
3 36 23
15 3 40 10 37 13 1
10 23 3
15 3
9 36 20 3 15
15
17 15 3 8

3 6
37 1 6 3 8 15
3 16 36
23
4 9 3 10 38 11 13
39 3 6
15 3 13 16
10
9 11 3
6 3 15
1 3
3
3
39 11 3 13
3 7 19 1 6 2
3
3 11
10 9 36 33 20
15 16 3 37 1
16 15 3 19
20 15 10
15 3 9 11
10 3

20 3 11 21
38 40 3
15 11 22 16 17 40
3 7
15 3 2 11 1 20
11 6 18 20 1 23 7 15 3
3
3 6 7
10
23 11
8 10 15 35
9 38 15 11 40 23 20
4 3 17
6 3 15
2 1 3 0
35 37 10 1
23 10 9 33
11
3
3 6 23
3 6 23 8 15 22
0
5 20
35 15
3 38 6 7
15
5 38 9 11 3
11 15 7 3 16 20 23 6
5 15 9 1 3 4 11
11 10 21 38 18 15 16 23
3 39 38 2 1 11 16
11 15 23 40 3
10 20 23
11 35 3 38 16 37 6 15
3 16 4
1 3 2 11 38
6 1 3
3 39 35 6
4 6 7 11 3
21 36 35 8
15 3 23
6 23
40 8
23 3 19
17 35 6
19 16 9
3
1 3 37
5 13 7 6 39 1 3
38 1 3
15 1 6
7 3 17 11 15
4 3 6 15
3 35 15 37
7 11 15 3 1
10 7 15
19
20 15
3 2 5 6 1
6 15 21 20
38
9 23 6 21
3
9 15 3 16
15 33 19 3 13
33 13 3 6
36 11 15 3 16
20 15 11 36
1 6 3
13 15
11 40 20 23 15
38 15 3 6
3 35 6 7 33
1 3 16 5
3 9
16 19 11 4 15 7 10
15 1 17 3
3 15
7 3 18 35 6 15
6 23 17 15 7 35
4 7 15 3 10 1
6 36 21 16 3
8
15 8
3
23 15 1 6 11
11 3
38 11
3
35 23 9 38 11 7
7 1
6 15 21
13 15 1 11
3 7
15
3 6 40
1 15 10 22
10 7 9 8
33 3

20 3 5 7
15 38 11 8
9 15 1
39 10 15 33
18 23 3
15 3 18 6 7
10 9 3
19 10 3 20 13
10
0 15 3 38
3 40 1 7 15
9 15 17 1 3
20 3 16 15 9
9 7
33
11 16 3 15 33 35 38
40 3 6
3 20 37 6 21 15
3
3 40 6
15 11
6 15
3 15
9 10 20
3 6 22
2 6 1 3
