7 27
6 27 17 19 16
11 27 15 20 33 6
27 15 39
27
33 38 27 9
27 17 8 16
1 15 3 38 10 27
27 1 3 4 19 10 16
6 27 15
13 27 7 23 15
27 8 37 15
27 16 37
19 15 27 20 35 16 9
33 7 27
17 20 15 27 11
27 15 2
17 16 10 9 27 15 35
27 6
27 11 15 13 37 6
18 15 7 27 6
6 18 27 35 15
8 17 20 7 27
15 27 13 16
15 27 18
2 27 15
6 15 27
40 7 27 38
6 27 15 16 1
11 8 15 27 9
1 27
15 23 19 22 27 6
36 6 15 23 27
27 39 3 5
16 10 27
27
27
2 11 1 27
38 23 19 27 21 15 6
2 1 11 15 27 40 10
6 21 27 1
23 6 15 11 7 27
27 15 6
13 27 8 19
27
4 27 8
11 21 16 27
6 20 15 27
27 10
6 27
0 27
16 27 10
16 27 6 21 15 4
18 22 33 16 27
15 16 23 11 10 36 27
15 20 27
2 27 17 20 10 13 7 15 36 16 6
19 27 11 9 16
15 6 20 27 7
5 27
27 7 8
0 27
23 27
38 15 27 36 1
16 27 15
15 3 1 27
27 2
27
27 8 18
27
37 23 40 27 11
27 10 15 23
22 15 1 27
27 36 33
23 8 15 3 27
27 6 15
27 20 10
15 23 2 27 6 1
15 27 22 16
13 23 22 15 37 27 19
37 27 11 7 15
17 27 20
6 27 15
27 22 6 16
27
1 15 27
27 15 39
6 16 27 20 19 15 1 18
27 4 23 11 0
27
7 5 22 27 11 15
15 20 27 16 9
19 27
27 17
9 27 11 23 4
27 23 33 35
23 15 13 20 38 27 11 17 33
10 27
8 36 38 27 10
27 7 15 18 33
36 27
15 27 1
4 6 27
8 15 16 27 11 40 38 20
15 27 33
10 27
27 7 1
6 39 15 27 38
8 27 16 15 39 11 10 19 23
27 10
10 16 7 27
27 15 6
7 10 40 27 9 35
27 18 36
27
27 11 38 20 39 15 1
27
21 27 22 6 15
27 10
13 15 27 8 11
27
1 8 16 13 37 27
27 13 6
16 27 38 6 15
8 27
27 22
27
27 15
1 6 27
7 27 10
15 27 11
1 27
15 38 27 37 16 9
15 27
2 15 16 27
27 10 23 33
27 7 9 15 35 10
27 16
10 27 35 36 37
16 27
37 27
10 27 15
6 7 27 8
40 1 33 15 27
15 27
1 11 27 15 4 38
13 27 15 11 19
11 27 38 10 7 15
27 17 6
11 6 1 27 2
7 27
20 23 36 7 11 17 27 15
19 13 9 23 15 3 27 8
13 20 7 27 15 8 17
27 11 23 39 15 6
27 6
16 23 11 15 7 27
11 23 20 27 1 7
27 9 8
27 15 11 17
36 27 15 13 20 35
38 27 1 10 15
12 18 5 27
23 20 15 27 7
15 16 27
27 6 17 15 7 11
27
15 23 27
7 1 6 2 27 39
36 27 19 6 15
18 27
27
7 27
6 27 37 1 20
27 8
2 1 9 27
1 27 15 10
27 10 6 1
13 15 27 18 23 9
27
27 37
4 27 1 7
0 3 1 27
36 16 27 10 39 11 23 15
27
7 36 6 27 11
10 27 23
10 27 2 37 15 9 1
11 22 17 15 27 38
7 27 9
36 15 17 27 35 37 38
3 6 27 40
8 15 37 27 16
27 11 6
35 9 27 13
15 27 9 16
27 9 10 15
8 27 9
19 10 27 8 15 17
11 8 15 13 36 27
10 38 19 7 27 15
11 6 27 1 2
23 27 15
18 27 6
8 27 20
20 23 27 15
27
8 35 2 27
8 27 23
1 27
15 27 16 10
27 3
27 6 15 23
5 1 11 27
27 6 7
27 0 13 15
15 11 23 27
38 23 33 27 21 16
27
27 37 33 15 1
38 15 33 27
6 27 18 15
1 27
38 18 21 1 27 11
3 6 33 16 27
27 10 9
10 1 27 21 5
27 5 6
17 15 27 20 9 16 11
1 13 27
27 23 15 16 22 11 40
27 23
16 27 11 17 15 10
27
27 2
7 23 15 8 27
27 13 6 15
2 1 27
27 11
15 27 11 6 5 1 2
23 27 4 6
11 18 27 16 4
21 27 9 13 15 11 10 36
27 37 11
9 40 15 13 11 27
27 23 15 9 2
27 15 22 5
10 27
27 15 11
27
3 27
15 11 27 13
16 27 2 38
36 7 27
36 17 27 15
6 27 7 33
27
27
27
6 27
27 15 6
27 16 17 15
9 27 15
37 27 7 40
27
27 4
36 37 27 11 20 23 21 15
23 39 27
27 6
27
39 16 8 27
7 38 20 27 1 15
16 27 7
15 36 10 27 11 38 7
27 7 8 9
8 17 27 13 21
18 27 8 16
27
13 10 20 27
27
8 27 1 7
9 11 27 15
27 6
4 27
10 3 35 38 37 15 22 11 27
10 23 27 40 19
11 15 27 9 7
23 10 16 27 15 1
19 7 35 27 1 23
27 8
27
9 39 27 38
27 1 3 17 39 15 2 20 9
27 15 35 8
3 27
16 15 5 19 18 27
27 15 10 8
27 36 15 2
0 27 9 1
17 0 15 27 16 21
13 11 15 27 6
1 5 10 27 4 23 15
15 27 11 6
9 15 27
27
27 15
15 23 39 27
27
27 11
7 15 27 39
27 5
15 6 27
13 37 27
2 1 27
15 6 3 27 11 17 7 22
10 7 9 27
20 6 27
7 27 15
6 27
15 13 27 6 4 1
1 27
27 38 15 2
27
6 27 15 7
27
15 27
27 15 36 9
23 3 37 6 27
6 27 20
27
15 27 6
40 35 27
27 37 15
27 11 9
7 27 11 6
2 1 27 38 6
27 15 40
27 11 38 23
33 27
27 4 15
27 6
11 15 27 40 39
27 7
6 19 15 27 1
27 11 23
15 27
27 15 16 4
27
27
27
27 20 15
27 0 11 22 5
15 36 16 7 6 27
15 27
20 27 15 16 7 3 6
7 15 27 40 11 6
15 27 20 10
27 10
27 11 9
27 33 39
9 0 27
38 27 15 10
27 3
6 27 15
1 2 4 40 27
27
10 27 17 15 9
36 20 9 19 10 27
16 27 1 0 3 4 13
18 20 40 1 27
11 27
8 16 19 27 7
15 7 27
27
15 17 10 36 27 18 33
10 27
17 27 16 22 15 10 40
6 27 20 15
20 18 27 1 19
37 1 15 27
27
6 27 13
32 27 10
15 10 23 27
8 27 35 19 15 20 33
9 38 23 33 40 20 15 27
6 15 5 27
27
38 1 27 11 15 2 16 3 6
0 6 27
10 27 33 15 9 23
11 27
4 27
27
23 27 11
27 2
15 16 27
27 15 19 6
1 27
15 27
15 27 38 13
27 11 20
27 0
18 38 23 21 10 16 27
1 2 27
6 27
20 10 23 27
15 27 35
15 23 5 27 20
3 0 1 27
1 17 27 20 35 16
6 37 27
11 8 10 9 37 27
21 15 8 36 27
16 20 27 6
6 27
38 27
27 19 17 15
6 17 27
23 27 9
10 15 27
20 19 27 1
11 16 6 39 1 27
10 27 40 1 7
27 3
37 17 27 9 15 5 11 16
15 20 5 16 27 8
15 10 3 27
15 1 16 10 27 3
7 15 27 10
27
27 20 15
8 22 27 1 7 2 11
27 15
11 27
15 21 11 27 18 9
27 13
16 11 38 13 15 27 10
11 13 35 27 6 16 15 20 7
3 15 27 6 19
6 7 13 11 27
15 20 27 35 11
27 36 15 1 16
27 35
22 27
27
27 33 20 6
27 1 21 15
27 1 12
1 2 27 15 7
1 6 27 11
37 27 6
17 27 10
27
11 33 22 15 1 6 27 16
20 27 15 10 9 16
8 27
15 8 27
1 40 27 11
13 10 27 15
15 10 11 9 27 3
11 38 15 27
1 27
7 27 23 38 9 35
27 15 9 10
10 27 9 38
27 9 16 11
9 33 27 38 20 7
27 8
27 15 11
15 20 7 6 27
9 15 8 27 7 10
27 6
27
22 27 8 35 15 6
38 8 27 15
18 27 23 38 9
39 15 8 27
6 15 27 21
23 8 21 27 15
35 6 33 27
27
27 8
13 1 27 38
11 27 1 15
40 1 39 27
18 10 36 27
27 9 7
33 15 27 13
27
27 6 40 16
15 36 27 38 11
27 3 6
33 27 15 38
15 27
15 6 27 40
27 6 18
9 27 10 20
27
2 1 27
27 7
6 17 19 27 15 16
27 20 33 15 6
39 15 27
27
27 15 38 33 9
27 8 16 15 17
38 15 11 27 1 0
16 19 5 1 27 4
27 6
27 7 15 11 23
27 8 15 35
39 27 37 11 32 16 38
6 20 27
15 27 7 33
36 20 27 11 17
2 27 15
8 16 35 27 17 9
27 6 15
13 15 27 6 37 11
27 15 7 6 18
35 15 27 18
7 20 17 27 8
6 18 27
18 15 27
2 27 15 35
6 27
7 38 27
15 6 16 20 27
15 16 11 9 27 8
33 27 15 1
6 22 8 27 23
23 19 27 6 15
39 3 27
10 16 27
27
27
27 2 1
7 23 19 27 21 38
2 3 15 40 1 8 11 27
6 1 21 27
27 11 7 23 6
6 27
13 15 19 27
27
27 4 8
21 16 27
20 27
10 27
6 27 16
27 0
27
16 15 4 11 6 21 27
20 11 27 18 17 15
23 15 11 36 27 6
27 10 15 20
17 20 11 2 6 7 27 16 36 13 15
36 16 27 9 19
7 27 15 20
5 15 27 10
8 27 7
0 27
27 33 23 10
36 27 6 1 15
16 15 11 27
15 27 1 3
2 27
27 6 15
27 8 18
27
23 37 40 11 27
15 23 27
33 1 15 27 22
27 36 10
3 8 15 27 23
27 9 8 15
20 27
16 7 15 1 23 27
15 22 27
15 22 13 23 27 20 6 37 19
7 27 37 15 11
27 17 20 11
15 27 10
22 15 27 6 16
15 27 10
27 2 15
27 39
19 6 18 16 15 20 1 27
33 27 4 0 11
15 27
15 5 7 22 10 27
20 11 27 15 16 9
6 27 19
27 16 23
23 6 27 4
27 23 33 13 9 35
16 38 23 27 15 17 13 20
27 11 35
11 38 27 8 36
33 27 7 15 18
27 6 15 36
1 11 27 15
6 3 27
40 20 11 6 16 15 22 27
27 15 11
15 27 6
27 10 7 1
39 15 6 38 27
23 27 10 11 15 19 6 16 39
27 11
16 27 7 15 10
6 27 15 10
9 27 7 15 40 35
27 36 15 18
27
20 1 27 11 38 39
13 27 15
6 15 27 38 22 21 11
10 27
8 15 33 11 27 13
27 15
17 37 27 35 3
27 15 6 11 13
27 11 9 16 38
27 33 6
22 27
27
15 27
15 1 6 27
8 27 7
11 27
27
38 37 9 27
15 27
27 16 2
23 33 27 10 11
27 7 35 9 11 15
16 27
27 36 35 11 37
16 27
37 27
10 11 27
6 23 11 27
27 15 1 38 10 33
27
27 1 38 4 15
27 20 11 23 13
15 38 27 10 11 7
27 6 17 33
27 11 1
27 7 6
27 17 23 7 36
13 8 15 3 20 27 9
7 17 13 11 20 27 8 15
15 23 27 39 6 11
27 6 38 15
16 7 27 11 23 15
23 0 20 27
35 8 15 27
15 17 27 11
36 27 15 22
1 19 0 27
18 27 3 11
11 20 7 23 15 6 27
16 15 27
6 17 15 27 7
27
27 23 33
7 1 39 6 2 27
6 15 27 36
27 18
27
27 7
20 1 8 37 27
27 8
27 2 9 1
27 1
1 27 7 6 10 15
27 18 23 9 15
27
37 27
7 1 4 27
3 1 27
11 23 10 27 36 39 15
27
36 6 7 27
27 23 11
2 15 37 10 1 27 9
38 27 17 22 10 15
7 27 9
36 37 15 17 6 35 27
40 3 27
37 27 8 16
8 27
27 35 9 13
27 9 15
9 15 27 10 17
27 16 9 15
6 17 27 20
8 15 36 13 11 27
27 7 10 19 15
7 6 2 27 1
16 23 27
18 27 6
8 33 27
15 27 11 23 20
27
2 8 27
15 27 8 23 13
27 1
27 10 15 16
3 27
27 15 6 19
27 15 5 2 10
9 7 27
27 13 0
23 27 15 10
21 27 33 15 38 18
27
33 15 37 1 27
27 10 38 15
6 18 27 15
27
21 0 27 38 18
3 27 11 38 16
10 27 9
27 1 5 21
5 15 27 6
17 11 16 15 27 20
13 1 27
22 23 11 27 16 10 40 15
23 27
8 15 16 27 17 19
27
2 27
27 11 23 7
11 27 15 13 6
27 1 2
27 15
15 1 9 2 27 5
6 23 4 27
18 4 16 27
9 13 11 15 20 36 27 10
37 27
13 15 40 9 27
2 23 10 9 15 27
5 22 10 27
33 27
15 27 10
27
3 27
27 6
38 27 2 15 16
7 27 36
17 36 27 15
7 6 27
27
27
27
27 6 12
37 11 15 27
27 15 16 6 17
27 10 15 9
38 27 6 37 7
27
27 4
15 37 21 20 23 27 11 36
27 39
33 27 6
27
39 15 27 17 6
20 1 38 6 27 15 7
27 16 7
8 36 10 27 11 38 7 15
8 27 9 7
13 15 17 35 27 21 8
16 27 18 8
15 27
13 6 27 20
27
6 7 1 27 11
11 15 27 9
27 6
4 27
22 35 15 37 27 11 3 38
40 19 10 27
6 27 7
1 27 18 16 8
27 35 1 6 16 19 7
8 27
27
39 9 38 27
20 39 10 1 9 2 27 17 3
27 35
3 27
15 19 18 16 27 5
6 27
27 2
9 0 13 27
6 17 21 27 1
27 11 33 6 13 15
4 23 27 0 10
15 27
10 27 16 9
27 16
15 27
15 39 23 27
27
27
7 15 27 39
27 5
27 15
11 27 37 13
1 2 27
27 17 11 7 6 3 22 15 9
10 27 7 9 15
6 20 27 22
7 15 6 27
27 33 6
6 1 27 10 4 19
27 2
38 2 15 27
27
27 15 6 7
27
15 27
36 27 15 9
3 9 10 37 15 23 27
27 6 20
27
27 6
35 40 27
27 37 35 15
27 9
27 11 7 6
1 38 2 11 6 27
27 40 15
23 38 27
27 33
20 4 27 15
6 27
27 40 39
7 27
1 6 19 27
23 27 15 11
27 15
16 15 27 4
15 27
27
27
20 15 27
1 22 5 27 35
15 27 16 7 35 33
27
33 7 16 6 5 27 20
40 15 6 7 27
15 27 10 11 20
27 10
10 27 15 9
33 39 27
27 2 9
10 38 15 27
27 3
33 27 6 15
15 1 2 27 40 4
27
11 27 9 1 17 15
9 27 20 35
4 27 23 13 1 15 3 0
27 15 1 18 40 20
27
16 19 8 7 27
27 15 7
27
33 15 10 36 27 11 17 18
27
22 17 10 16 27 40
15 6 20 27
27 1 15 2 18 20
15 1 37 27
27
27 6
11 27
11 23 27
15 35 20 8 27 10
11 40 20 23 15 9 10 27
15 27 10 3
27 33
6 3 2 38 27 1 15 11
12 27 6 0
15 9 10 27 23
15 27 11
4 27
27
15 27 23
2 27
17 15 27
15 23 27 16 11
27
15 27
15 27 38 33 13
27 11 20 15
1 27
10 16 27 38 18 23 7 21 8
2 11 27 1
27 19 11
23 27 20 10
10 15 35 27
23 10 20 15 27 5
3 27 1
35 1 16 17 27 20
27 37
37 6 27
35 27 15 21 10
27 20 10 16
6 27
40 6 27
27 17
17 27 6 15
27 19 33 15 16 9
27 11 15
15 27 20 1 11
27 1 10 39
1 40 27 7 6
3 27
17 15 37 27 5 9
16 20 11 15 5 27
27 3 10 19
1 15 27 6
7 27
10 27
15 20 27
7 2 6 15 27 1 22
15 27
27 11
21 9 27 11 18 15
27 13
13 15 27
37 27 11 7 6 15 20 13
1 27 15 8
7 13 27
15 27 20 35 11
1 27 36
15 27
22 27
27
6 27
21 15 27 1
27
1 15 27 6 7
27 1 6 11
37 23 6 27
17 27 10
27
22 15 33 1 16 27 11
11 9 21 27 10 15
8 27
10 27
1 27 38
27 10 13
9 3 10 15 27
27 38 11 15
0 27
9 27 7 8 35 23
27 11 15 9
10 15 9 27
16 15 6 1 27
7 11 9 27 38 20
16 15 8 27
15 27
15 27 7 20 11
8 7 15 10 27 9
27
27
6 27 15 22 35
27 15 8
23 38 9 27 18
27 39 33
21 15 27 6
27 21 23 6
27 6 33
27
8 27
1 27 38 13
1 27 15
1 39 27 40
10 35 36 18 27 15
9 7 27
13 27 33
27
40 27 6
15 27 36 38
27 6 3 16
6 27 33 15 38
27 15
38 27 40 15 6
27 18 6
10 20 27 9
27
1 27 2
